1000
2.5E11
-0 0 0 -1095718.94206498 2.0E26 red red.gif
-500000000 0 0 -1095718.94206498 2.0E26 red red.gif
-1000000000 0 0 -774790.294208697 2.0E26 red red.gif
-1500000000 0 0 -632613.626157388 2.0E26 red red.gif
-2000000000 0 0 -547859.47103249 2.0E26 red red.gif
-2500000000 0 0 -490020.40773829 2.0E26 red red.gif
-3000000000 0 0 -447325.3849269 2.0E26 red red.gif
-3500000000 0 0 -414142.832503818 2.0E26 red red.gif
-4000000000 0 0 -387395.147104348 2.0E26 red red.gif
-4500000000 0 0 -365239.647354993 2.0E26 red red.gif
-5000000000 0 0 -346496.753231541 2.0E26 red red.gif
-5500000000 0 0 -330371.691501336 2.0E26 red red.gif
-6000000000 0 0 -316306.813078694 2.0E26 red red.gif
-6500000000 0 0 -303897.756085572 2.0E26 red red.gif
-7000000000 0 0 -292843.205243254 2.0E26 red red.gif
-7500000000 0 0 -282913.414316111 2.0E26 red red.gif
-8000000000 0 0 -273929.735516245 2.0E26 red red.gif
-8500000000 0 0 -265750.878477879 2.0E26 red red.gif
-9000000000 0 0 -258263.431402899 2.0E26 red red.gif
-9500000000 0 0 -251375.165209713 2.0E26 red red.gif
-10000000000 0 0 -245010.203869145 2.0E26 red red.gif
-10500000000 0 0 -239105.475829033 2.0E26 red red.gif
-11000000000 0 0 -233608.063372665 2.0E26 red red.gif
-11500000000 0 0 -228473.193175917 2.0E26 red red.gif
-12000000000 0 0 -223662.69246345 2.0E26 red red.gif
-12500000000 0 0 -219143.788412996 2.0E26 red red.gif
-13000000000 0 0 -214888.164115483 2.0E26 red red.gif
-13500000000 0 0 -210871.208719129 2.0E26 red red.gif
-14000000000 0 0 -207071.416251909 2.0E26 red red.gif
-14500000000 0 0 -203469.899493758 2.0E26 red red.gif
-15000000000 0 0 -200049.993751562 2.0E26 red red.gif
-15500000000 0 0 -196796.931526039 2.0E26 red red.gif
-16000000000 0 0 -193697.573552174 2.0E26 red red.gif
-16500000000 0 0 -190740.185020928 2.0E26 red red.gif
-17000000000 0 0 -187914.24827799 2.0E26 red red.gif
-17500000000 0 0 -185210.305174569 2.0E26 red red.gif
-18000000000 0 0 -182619.823677496 2.0E26 red red.gif
-18500000000 0 0 -180135.08444678 2.0E26 red red.gif
-19000000000 0 0 -177749.083941676 2.0E26 red red.gif
-19500000000 0 0 -175455.451282128 2.0E26 red red.gif
-20000000000 0 0 -173248.37661577 2.0E26 red red.gif
-20500000000 0 0 -171122.549154891 2.0E26 red red.gif
-21000000000 0 0 -169073.103377545 2.0E26 red red.gif
-21500000000 0 0 -167095.572151263 2.0E26 red red.gif
-22000000000 0 0 -165185.845750668 2.0E26 red red.gif
-22500000000 0 0 -163340.135912763 2.0E26 red red.gif
-23000000000 0 0 -161554.944214035 2.0E26 red red.gif
-23500000000 0 0 -159827.03416839 2.0E26 red red.gif
-24000000000 0 0 -158153.406539347 2.0E26 red red.gif
-24500000000 0 0 -156531.277437854 2.0E26 red red.gif
-25000000000 0 0 -154958.058841739 2.0E26 red red.gif
-25500000000 0 0 -153431.341226583 2.0E26 red red.gif
-26000000000 0 0 -151948.878042786 2.0E26 red red.gif
-26500000000 0 0 -150508.571811306 2.0E26 red red.gif
-27000000000 0 0 -149108.4616423 2.0E26 red red.gif
-27500000000 0 0 -147746.712007715 2.0E26 red red.gif
-28000000000 0 0 -146421.602621627 2.0E26 red red.gif
-28500000000 0 0 -145131.519301414 2.0E26 red red.gif
-29000000000 0 0 -143874.945699381 2.0E26 red red.gif
-29500000000 0 0 -142650.4558085 2.0E26 red red.gif
-30000000000 0 0 -141456.707158055 2.0E26 red red.gif
-30500000000 0 0 -140292.434625373 2.0E26 red red.gif
-31000000000 0 0 -139156.444798766 2.0E26 red red.gif
-31500000000 0 0 -138047.610834606 2.0E26 red red.gif
-32000000000 0 0 -136964.867758122 2.0E26 red red.gif
-32500000000 0 0 -135907.208163398 2.0E26 red red.gif
-33000000000 0 0 -134873.678273075 2.0E26 red red.gif
-33500000000 0 0 -133863.374322757 2.0E26 red red.gif
-34000000000 0 0 -132875.439238939 2.0E26 red red.gif
-34500000000 0 0 -131909.059582729 2.0E26 red red.gif
-35000000000 0 0 -130963.462734567 2.0E26 red red.gif
-35500000000 0 0 -130037.914297829 2.0E26 red red.gif
-36000000000 0 0 -129131.715701449 2.0E26 red red.gif
-36500000000 0 0 -128244.201983815 2.0E26 red red.gif
-37000000000 0 0 -127374.739741929 2.0E26 red red.gif
-37500000000 0 0 -126522.725231477 2.0E26 red red.gif
-38000000000 0 0 -125687.582604856 2.0E26 red red.gif
-38500000000 0 0 -124868.762275469 2.0E26 red red.gif
-39000000000 0 0 -124065.739397739 2.0E26 red red.gif
-39500000000 0 0 -123278.012453277 2.0E26 red red.gif
-40000000000 0 0 -122505.101934572 2.0E26 red red.gif
-40500000000 0 0 -121746.549118331 2.0E26 red red.gif
-41000000000 0 0 -121001.914921352 2.0E26 red red.gif
-41500000000 0 0 -120270.778832448 2.0E26 red red.gif
-42000000000 0 0 -119552.737914516 2.0E26 red red.gif
-42500000000 0 0 -118847.405871364 2.0E26 red red.gif
-43000000000 0 0 -118154.412174404 2.0E26 red red.gif
-43500000000 0 0 -117473.401244707 2.0E26 red red.gif
-44000000000 0 0 -116804.031686332 2.0E26 red red.gif
-44500000000 0 0 -116145.975567169 2.0E26 red red.gif
-45000000000 0 0 -115498.917743847 2.0E26 red red.gif
-45500000000 0 0 -114862.55522757 2.0E26 red red.gif
-46000000000 0 0 -114236.596587958 2.0E26 red red.gif
-46500000000 0 0 -113620.761392251 2.0E26 red red.gif
-47000000000 0 0 -113014.779677402 2.0E26 red red.gif
-47500000000 0 0 -112418.391452831 2.0E26 red red.gif
-48000000000 0 0 -111831.346231725 2.0E26 red red.gif
-48500000000 0 0 -111253.402588994 2.0E26 red red.gif
-49000000000 0 0 -110684.327744099 2.0E26 red red.gif
-49500000000 0 0 -110123.897167112 2.0E26 red red.gif
-50000000000 0 0 -109571.894206498 2.0E26 red red.gif
-50500000000 0 0 -109028.10973722 2.0E26 red red.gif
-51000000000 0 0 -108492.341827864 2.0E26 red red.gif
-51500000000 0 0 -107964.395425583 2.0E26 red red.gif
-52000000000 0 0 -107444.082057741 2.0E26 red red.gif
-52500000000 0 0 -106931.21954923 2.0E26 red red.gif
-53000000000 0 0 -106425.631754477 2.0E26 red red.gif
-53500000000 0 0 -105927.148303272 2.0E26 red red.gif
-54000000000 0 0 -105435.604359564 2.0E26 red red.gif
-54500000000 0 0 -104950.840392455 2.0E26 red red.gif
-55000000000 0 0 -104472.701958671 2.0E26 red red.gif
-55500000000 0 0 -104001.039495844 2.0E26 red red.gif
-56000000000 0 0 -103535.708125954 2.0E26 red red.gif
-56500000000 0 0 -103076.567468372 2.0E26 red red.gif
-57000000000 0 0 -102623.481461936 2.0E26 red red.gif
-57500000000 0 0 -102176.318195558 2.0E26 red red.gif
-58000000000 0 0 -101734.949746879 2.0E26 red red.gif
-58500000000 0 0 -101299.252028524 2.0E26 red red.gif
-59000000000 0 0 -100869.104641542 2.0E26 red red.gif
-59500000000 0 0 -100444.39073563 2.0E26 red red.gif
-60000000000 0 0 -100024.996875781 2.0E26 red red.gif
-60500000000 0 0 -99610.8129149982 2.0E26 red red.gif
-61000000000 0 0 -99201.7318727721 2.0E26 red red.gif
-61500000000 0 0 -98797.6498189916 2.0E26 red red.gif
-62000000000 0 0 -98398.4657630195 2.0E26 red red.gif
-62500000000 0 0 -98004.081547658 2.0E26 red red.gif
-63000000000 0 0 -97614.4017477514 2.0E26 red red.gif
-63500000000 0 0 -97229.3335731898 2.0E26 red red.gif
-64000000000 0 0 -96848.7867760871 2.0E26 red red.gif
-64500000000 0 0 -96472.6735619265 2.0E26 red red.gif
-65000000000 0 0 -96100.9085044705 2.0E26 red red.gif
-65500000000 0 0 -95733.4084642514 2.0E26 red red.gif
-66000000000 0 0 -95370.0925104644 2.0E26 red red.gif
-66500000000 0 0 -95010.8818460966 2.0E26 red red.gif
-67000000000 0 0 -94655.6997361348 2.0E26 red red.gif
-67500000000 0 0 -94304.4714387039 2.0E26 red red.gif
-68000000000 0 0 -93957.1241389953 2.0E26 red red.gif
-68500000000 0 0 -93613.5868858524 2.0E26 red red.gif
-69000000000 0 0 -93273.7905308881 2.0E26 red red.gif
-69500000000 0 0 -92937.6676700165 2.0E26 red red.gif
-70000000000 0 0 -92605.1525872847 2.0E26 red red.gif
-70500000000 0 0 -92276.1812008997 2.0E26 red red.gif
-71000000000 0 0 -91950.6910113501 2.0E26 red red.gif
-71500000000 0 0 -91628.6210515262 2.0E26 red red.gif
-72000000000 0 0 -91309.9118387483 2.0E26 red red.gif
-72500000000 0 0 -90994.5053286186 2.0E26 red red.gif
-73000000000 0 0 -90682.3448706134 2.0E26 red red.gif
-73500000000 0 0 -90373.3751653412 2.0E26 red red.gif
-74000000000 0 0 -90067.5422233901 2.0E26 red red.gif
-74500000000 0 0 -89764.7933256985 2.0E26 red red.gif
-75000000000 0 0 -89465.0769853801 2.0E26 red red.gif
-75500000000 0 0 -89168.3429109425 2.0E26 red red.gif
-76000000000 0 0 -88874.5419708384 2.0E26 red red.gif
-76500000000 0 0 -88583.6261592931 2.0E26 red red.gif
-77000000000 0 0 -88295.5485633556 2.0E26 red red.gif
-77500000000 0 0 -88010.2633311189 2.0E26 red red.gif
-78000000000 0 0 -87727.7256410642 2.0E26 red red.gif
-78500000000 0 0 -87447.8916724799 2.0E26 red red.gif
-79000000000 0 0 -87170.718576912 2.0E26 red red.gif
-79500000000 0 0 -86896.164450604 2.0E26 red red.gif
-80000000000 0 0 -86624.1883078854 2.0E26 red red.gif
-80500000000 0 0 -86354.7500554709 2.0E26 red red.gif
-81000000000 0 0 -86087.810467633 2.0E26 red red.gif
-81500000000 0 0 -85823.3311622145 2.0E26 red red.gif
-82000000000 0 0 -85561.2745774458 2.0E26 red red.gif
-82500000000 0 0 -85301.6039495368 2.0E26 red red.gif
-83000000000 0 0 -85044.2832910121 2.0E26 red red.gif
-83500000000 0 0 -84789.2773697607 2.0E26 red red.gif
-84000000000 0 0 -84536.5516887729 2.0E26 red red.gif
-84500000000 0 0 -84286.0724665369 2.0E26 red red.gif
-85000000000 0 0 -84037.806618072 2.0E26 red red.gif
-85500000000 0 0 -83791.721736571 2.0E26 red red.gif
-86000000000 0 0 -83547.7860756318 2.0E26 red red.gif
-86500000000 0 0 -83305.968532054 2.0E26 red red.gif
-87000000000 0 0 -83066.2386291807 2.0E26 red red.gif
-87500000000 0 0 -82828.5665007636 2.0E26 red red.gif
-88000000000 0 0 -82592.9228753342 2.0E26 red red.gif
-88500000000 0 0 -82359.2790610604 2.0E26 red red.gif
-89000000000 0 0 -82127.6069310723 2.0E26 red red.gif
-89500000000 0 0 -81897.8789092391 2.0E26 red red.gif
-90000000000 0 0 -81670.0679563816 2.0E26 red red.gif
-90500000000 0 0 -81444.1475569038 2.0E26 red red.gif
-91000000000 0 0 -81220.0917058291 2.0E26 red red.gif
-91500000000 0 0 -80997.8748962274 2.0E26 red red.gif
-92000000000 0 0 -80777.4721070175 2.0E26 red red.gif
-92500000000 0 0 -80558.8587911331 2.0E26 red red.gif
-93000000000 0 0 -80342.0108640393 2.0E26 red red.gif
-93500000000 0 0 -80126.9046925873 2.0E26 red red.gif
-94000000000 0 0 -79913.5170841951 2.0E26 green green.gif
-94500000000 0 0 -79701.8252763445 2.0E26 green green.gif
-95000000000 0 0 -79491.8069263811 2.0E26 green green.gif
-95500000000 0 0 -79283.4401016098 2.0E26 green green.gif
-96000000000 0 0 -79076.7032696735 2.0E26 green green.gif
-96500000000 0 0 -78871.5752892069 2.0E26 green green.gif
-97000000000 0 0 -78668.0354007549 2.0E26 green green.gif
-97500000000 0 0 -78466.0632179484 2.0E26 green green.gif
-98000000000 0 0 -78265.6387189271 2.0E26 green green.gif
-98500000000 0 0 -78066.7422380031 2.0E26 green green.gif
-99000000000 0 0 -77869.3544575551 2.0E26 green green.gif
-99500000000 0 0 -77673.4564001482 2.0E26 green green.gif
-100000000000 0 0 -77479.0294208697 2.0E26 green green.gif
-100500000000 0 0 -77286.0551998755 2.0E26 green green.gif
-101000000000 0 0 -77094.5157351393 2.0E26 green green.gif
-101500000000 0 0 -76904.3933353987 2.0E26 green green.gif
-102000000000 0 0 -76715.6706132916 2.0E26 green green.gif
-102500000000 0 0 -76528.3304786773 2.0E26 green green.gif
-103000000000 0 0 -76342.3561321356 2.0E26 green green.gif
-103500000000 0 0 -76157.731058639 2.0E26 green green.gif
-104000000000 0 0 -75974.4390213931 2.0E26 green green.gif
-104500000000 0 0 -75792.464055838 2.0E26 green green.gif
-105000000000 0 0 -75611.7904638083 2.0E26 green green.gif
-105500000000 0 0 -75432.4028078446 2.0E26 green green.gif
-106000000000 0 0 -75254.2859056533 2.0E26 green green.gif
-106500000000 0 0 -75077.4248247091 2.0E26 green green.gif
-107000000000 0 0 -74901.8048769973 2.0E26 green green.gif
-107500000000 0 0 -74727.4116138892 2.0E26 green green.gif
-108000000000 0 0 -74554.2308211501 2.0E26 green green.gif
-108500000000 0 0 -74382.2485140723 2.0E26 green green.gif
-109000000000 0 0 -74211.4509327319 2.0E26 green green.gif
-109500000000 0 0 -74041.8245373648 2.0E26 green green.gif
-110000000000 0 0 -73873.3560038578 2.0E26 green green.gif
-110500000000 0 0 -73706.0322193534 2.0E26 green green.gif
-111000000000 0 0 -73539.8402779616 2.0E26 green green.gif
-111500000000 0 0 -73374.7674765798 2.0E26 green green.gif
-112000000000 0 0 -73210.8013108136 2.0E26 green green.gif
-112500000000 0 0 -73047.9294709987 2.0E26 green green.gif
-113000000000 0 0 -72886.1398383188 2.0E26 green green.gif
-113500000000 0 0 -72725.4204810186 2.0E26 green green.gif
-114000000000 0 0 -72565.7596507072 2.0E26 green green.gif
-114500000000 0 0 -72407.1457787512 2.0E26 green green.gif
-115000000000 0 0 -72249.5674727537 2.0E26 green green.gif
-115500000000 0 0 -72093.0135131178 2.0E26 green green.gif
-116000000000 0 0 -71937.4728496907 2.0E26 green green.gif
-116500000000 0 0 -71782.934598488 2.0E26 green green.gif
-117000000000 0 0 -71629.3880384945 2.0E26 green green.gif
-117500000000 0 0 -71476.8226085404 2.0E26 green green.gif
-118000000000 0 0 -71325.2279042501 2.0E26 green green.gif
-118500000000 0 0 -71174.5936750616 2.0E26 green green.gif
-119000000000 0 0 -71024.9098213158 2.0E26 green green.gif
-119500000000 0 0 -70876.1663914118 2.0E26 green green.gif
-120000000000 0 0 -70728.3535790279 2.0E26 green green.gif
-120500000000 0 0 -70581.4617204065 2.0E26 green green.gif
-121000000000 0 0 -70435.4812916997 2.0E26 green green.gif
-121500000000 0 0 -70290.4029063764 2.0E26 green green.gif
-122000000000 0 0 -70146.2173126868 2.0E26 green green.gif
-122500000000 0 0 -70002.9153911842 2.0E26 green green.gif
-123000000000 0 0 -69860.4881523028 2.0E26 green green.gif
-123500000000 0 0 -69718.9267339886 2.0E26 green green.gif
-124000000000 0 0 -69578.2223993834 2.0E26 green green.gif
-124500000000 0 0 -69438.3665345603 2.0E26 green green.gif
-125000000000 0 0 -69299.3506463083 2.0E26 green green.gif
-125500000000 0 0 -69161.1663599661 2.0E26 green green.gif
-126000000000 0 0 -69023.805417303 2.0E26 green green.gif
-126500000000 0 0 -68887.2596744459 2.0E26 green green.gif
-127000000000 0 0 -68751.5210998513 2.0E26 green green.gif
-127500000000 0 0 -68616.5817723212 2.0E26 green green.gif
-128000000000 0 0 -68482.4338790612 2.0E26 green green.gif
-128500000000 0 0 -68349.069713781 2.0E26 green green.gif
-129000000000 0 0 -68216.4816748344 2.0E26 green green.gif
-129500000000 0 0 -68084.6622633999 2.0E26 green green.gif
-130000000000 0 0 -67953.604081699 2.0E26 green green.gif
-130500000000 0 0 -67823.2998312526 2.0E26 green green.gif
-131000000000 0 0 -67693.7423111738 2.0E26 green green.gif
-131500000000 0 0 -67564.9244164962 2.0E26 green green.gif
-132000000000 0 0 -67436.8391365377 2.0E26 green green.gif
-132500000000 0 0 -67309.479553298 2.0E26 green green.gif
-133000000000 0 0 -67182.8388398887 2.0E26 green green.gif
-133500000000 0 0 -67056.9102589967 2.0E26 green green.gif
-134000000000 0 0 -66931.6871613786 2.0E26 green green.gif
-134500000000 0 0 -66807.1629843859 2.0E26 green green.gif
-135000000000 0 0 -66683.3312505206 2.0E26 green green.gif
-135500000000 0 0 -66560.18556602 2.0E26 green green.gif
-136000000000 0 0 -66437.7196194698 2.0E26 green green.gif
-136500000000 0 0 -66315.9271804458 2.0E26 green green.gif
-137000000000 0 0 -66194.8020981822 2.0E26 green green.gif
-137500000000 0 0 -66074.3383002674 2.0E26 green green.gif
-138000000000 0 0 -65954.5297913645 2.0E26 green green.gif
-138500000000 0 0 -65835.3706519593 2.0E26 green green.gif
-139000000000 0 0 -65716.8550371304 2.0E26 green green.gif
-139500000000 0 0 -65598.9771753463 2.0E26 green green.gif
-140000000000 0 0 -65481.7313672839 2.0E26 green green.gif
-140500000000 0 0 -65365.1119846717 2.0E26 green green.gif
-141000000000 0 0 -65249.1134691548 2.0E26 green green.gif
-141500000000 0 0 -65133.7303311818 2.0E26 green green.gif
-142000000000 0 0 -65018.9571489146 2.0E26 green green.gif
-142500000000 0 0 -64904.7885671571 2.0E26 green green.gif
-143000000000 0 0 -64791.2192963066 2.0E26 green green.gif
-143500000000 0 0 -64678.2441113241 2.0E26 green green.gif
-144000000000 0 0 -64565.8578507247 2.0E26 green green.gif
-144500000000 0 0 -64454.055415587 2.0E26 green green.gif
-145000000000 0 0 -64342.8317685816 2.0E26 green green.gif
-145500000000 0 0 -64232.1819330177 2.0E26 green green.gif
-146000000000 0 0 -64122.1009919079 2.0E26 green green.gif
-146500000000 0 0 -64012.5840870504 2.0E26 green green.gif
-147000000000 0 0 -63903.6264181286 2.0E26 green green.gif
-147500000000 0 0 -63795.2232418272 2.0E26 green green.gif
-148000000000 0 0 -63687.3698709648 2.0E26 green green.gif
-148500000000 0 0 -63580.0616736429 2.0E26 green green.gif
-149000000000 0 0 -63473.2940724103 2.0E26 green green.gif
-149500000000 0 0 -63367.0625434429 2.0E26 green green.gif
-150000000000 0 0 -63261.3626157388 2.0E26 green green.gif
-150500000000 0 0 -63156.1898703276 2.0E26 green green.gif
-151000000000 0 0 -63051.5399394949 2.0E26 green green.gif
-151500000000 0 0 -62947.40850602 2.0E26 green green.gif
-152000000000 0 0 -62843.7913024282 2.0E26 green green.gif
-152500000000 0 0 -62740.6841102561 2.0E26 green green.gif
-153000000000 0 0 -62638.0827593302 2.0E26 green green.gif
-153500000000 0 0 -62535.9831270585 2.0E26 green green.gif
-154000000000 0 0 -62434.3811377349 2.0E26 green green.gif
-154500000000 0 0 -62333.2727618555 2.0E26 green green.gif
-155000000000 0 0 -62232.6540154479 2.0E26 green green.gif
-155500000000 0 0 -62132.5209594114 2.0E26 green green.gif
-156000000000 0 0 -62032.8696988695 2.0E26 green green.gif
-156500000000 0 0 -61933.6963825334 2.0E26 green green.gif
-157000000000 0 0 -61834.9972020771 2.0E26 green green.gif
-157500000000 0 0 -61736.7683915231 2.0E26 green green.gif
-158000000000 0 0 -61639.0062266386 2.0E26 green green.gif
-158500000000 0 0 -61541.7070243427 2.0E26 green green.gif
-159000000000 0 0 -61444.8671421234 2.0E26 green green.gif
-159500000000 0 0 -61348.4829774654 2.0E26 green green.gif
-160000000000 0 0 -61252.5509672862 2.0E26 green green.gif
-160500000000 0 0 -61157.0675873839 2.0E26 green green.gif
-161000000000 0 0 -61062.0293518928 2.0E26 green green.gif
-161500000000 0 0 -60967.4328127492 2.0E26 green green.gif
-162000000000 0 0 -60873.2745591655 2.0E26 green green.gif
-162500000000 0 0 -60779.5512171145 2.0E26 green green.gif
-163000000000 0 0 -60686.2594488206 2.0E26 green green.gif
-163500000000 0 0 -60593.3959522613 2.0E26 green green.gif
-164000000000 0 0 -60500.957460676 2.0E26 green green.gif
-164500000000 0 0 -60408.9407420834 2.0E26 green green.gif
-165000000000 0 0 -60317.3425988066 2.0E26 green green.gif
-165500000000 0 0 -60226.1598670069 2.0E26 green green.gif
-166000000000 0 0 -60135.3894162244 2.0E26 green green.gif
-166500000000 0 0 -60045.0281489267 2.0E26 green green.gif
-167000000000 0 0 -59955.0730000649 2.0E26 green green.gif
-167500000000 0 0 -59865.520936637 2.0E26 green green.gif
-168000000000 0 0 -59776.3689572584 2.0E26 green green.gif
-168500000000 0 0 -59687.6140917392 2.0E26 green green.gif
-169000000000 0 0 -59599.253400669 2.0E26 green green.gif
-169500000000 0 0 -59511.2839750074 2.0E26 green green.gif
-170000000000 0 0 -59423.7029356824 2.0E26 green green.gif
-170500000000 0 0 -59336.5074331941 2.0E26 green green.gif
-171000000000 0 0 -59249.6946472255 2.0E26 green green.gif
-171500000000 0 0 -59163.2617862597 2.0E26 green green.gif
-172000000000 0 0 -59077.2060872022 2.0E26 green green.gif
-172500000000 0 0 -58991.5248150105 2.0E26 green green.gif
-173000000000 0 0 -58906.2152623285 2.0E26 green green.gif
-173500000000 0 0 -58821.2747491279 2.0E26 green green.gif
-174000000000 0 0 -58736.7006223536 2.0E26 green green.gif
-174500000000 0 0 -58652.4902555766 2.0E26 green green.gif
-175000000000 0 0 -58568.6410486508 2.0E26 green green.gif
-175500000000 0 0 -58485.1504273761 2.0E26 green green.gif
-176000000000 0 0 -58402.0158431663 2.0E26 green green.gif
-176500000000 0 0 -58319.2347727224 2.0E26 green green.gif
-177000000000 0 0 -58236.804717711 2.0E26 green green.gif
-177500000000 0 0 -58154.7232044476 2.0E26 green green.gif
-178000000000 0 0 -58072.9877835845 2.0E26 green green.gif
-178500000000 0 0 -57991.5960298044 2.0E26 green green.gif
-179000000000 0 0 -57910.5455415177 2.0E26 green green.gif
-179500000000 0 0 -57829.8339405649 2.0E26 green green.gif
-180000000000 0 0 -57749.4588719236 2.0E26 green green.gif
-180500000000 0 0 -57669.41800342 2.0E26 green green.gif
-181000000000 0 0 -57589.7090254444 2.0E26 green green.gif
-181500000000 0 0 -57510.3296506716 2.0E26 green green.gif
-182000000000 0 0 -57431.277613785 2.0E26 green green.gif
-182500000000 0 0 -57352.5506712051 2.0E26 green green.gif
-183000000000 0 0 -57274.146600822 2.0E26 green green.gif
-183500000000 0 0 -57196.0632017323 2.0E26 green green.gif
-184000000000 0 0 -57118.2982939793 2.0E26 green green.gif
-184500000000 0 0 -57040.8497182972 2.0E26 green green.gif
-185000000000 0 0 -56963.7153358597 2.0E26 green green.gif
-185500000000 0 0 -56886.8930280319 2.0E26 green green.gif
-186000000000 0 0 -56810.3806961255 2.0E26 green green.gif
-186500000000 0 0 -56734.1762611582 2.0E26 green green.gif
-187000000000 0 0 -56658.2776636167 2.0E26 green green.gif
-187500000000 0 0 -56582.6828632223 2.0E26 green green.gif
-188000000000 0 0 -56507.3898387014 2.0E26 green green.gif
-188500000000 0 0 -56432.3965875576 2.0E26 green green.gif
-189000000000 0 0 -56357.7011258486 2.0E26 green green.gif
-189500000000 0 0 -56283.3014879655 2.0E26 green green.gif
-190000000000 0 0 -56209.1957264158 2.0E26 green green.gif
-190500000000 0 0 -56135.381911609 2.0E26 green green.gif
-191000000000 0 0 -56061.8581316457 2.0E26 green green.gif
-191500000000 0 0 -55988.6224921096 2.0E26 green green.gif
-192000000000 0 0 -55915.6731158626 2.0E26 green green.gif
-192500000000 0 0 -55843.0081428423 2.0E26 green green.gif
-193000000000 0 0 -55770.6257298635 2.0E26 green green.gif
-193500000000 0 0 -55698.5240504212 2.0E26 green green.gif
-194000000000 0 0 -55626.7012944972 2.0E26 green green.gif
-194500000000 0 0 -55555.1556683694 2.0E26 green green.gif
-195000000000 0 0 -55483.8853944236 2.0E26 green green.gif
-195500000000 0 0 -55412.8887109679 2.0E26 green green.gif
-196000000000 0 0 -55342.1638720498 2.0E26 green green.gif
-196500000000 0 0 -55271.7091472759 2.0E26 green green.gif
-197000000000 0 0 -55201.5228216342 2.0E26 green green.gif
-197500000000 0 0 -55131.6031953187 2.0E26 green green.gif
-198000000000 0 0 -55061.9485835561 2.0E26 green green.gif
-198500000000 0 0 -54992.5573164361 2.0E26 green green.gif
-199000000000 0 0 -54923.4277387424 2.0E26 green green.gif
-199500000000 0 0 -54854.5582097876 2.0E26 green green.gif
-200000000000 0 0 -54785.947103249 2.0E26 green green.gif
-200500000000 0 0 -54717.5928070078 2.0E26 green green.gif
-201000000000 0 0 -54649.4937229898 2.0E26 green green.gif
-201500000000 0 0 -54581.6482670084 2.0E26 green green.gif
-202000000000 0 0 -54514.05486861 2.0E26 green green.gif
-202500000000 0 0 -54446.7119709211 2.0E26 green green.gif
-203000000000 0 0 -54379.6180304979 2.0E26 green green.gif
-203500000000 0 0 -54312.7715171777 2.0E26 green green.gif
-204000000000 0 0 -54246.170913932 2.0E26 green green.gif
-204500000000 0 0 -54179.8147167225 2.0E26 green green.gif
-205000000000 0 0 -54113.7014343579 2.0E26 green green.gif
-205500000000 0 0 -54047.8295883533 2.0E26 green green.gif
-206000000000 0 0 -53982.1977127915 2.0E26 green green.gif
-206500000000 0 0 -53916.8043541858 2.0E26 green green.gif
-207000000000 0 0 -53851.648071345 2.0E26 green green.gif
-207500000000 0 0 -53786.7274352397 2.0E26 green green.gif
-208000000000 0 0 -53722.0410288709 2.0E26 green green.gif
-208500000000 0 0 -53657.58744714 2.0E26 green green.gif
-209000000000 0 0 -53593.3652967207 2.0E26 green green.gif
-209500000000 0 0 -53529.3731959323 2.0E26 green green.gif
-210000000000 0 0 -53465.6097746152 2.0E26 green green.gif
-210500000000 0 0 -53402.0736740071 2.0E26 green green.gif
-211000000000 0 0 -53338.7635466221 2.0E26 green green.gif
-211500000000 0 0 -53275.6780561301 2.0E26 green green.gif
-212000000000 0 0 -53212.8158772386 2.0E26 green green.gif
-212500000000 0 0 -53150.1756955759 2.0E26 green green.gif
-213000000000 0 0 -53087.7562075751 2.0E26 green green.gif
-213500000000 0 0 -53025.5561203608 2.0E26 green green.gif
-214000000000 0 0 -52963.5741516364 2.0E26 green green.gif
-214500000000 0 0 -52901.8090295728 2.0E26 green green.gif
-215000000000 0 0 -52840.2594926994 2.0E26 green green.gif
-215500000000 0 0 -52778.9242897952 2.0E26 green green.gif
-216000000000 0 0 -52717.8021797823 2.0E26 green green.gif
-216500000000 0 0 -52656.8919316207 2.0E26 green green.gif
-217000000000 0 0 -52596.1923242035 2.0E26 green green.gif
-217500000000 0 0 -52535.7021462547 2.0E26 green green.gif
-218000000000 0 0 -52475.4201962275 2.0E26 green green.gif
-218500000000 0 0 -52415.3452822036 2.0E26 green green.gif
-219000000000 0 0 -52355.4762217951 2.0E26 green green.gif
-219500000000 0 0 -52295.811842046 2.0E26 green green.gif
-220000000000 0 0 -52236.3509793358 2.0E26 green green.gif
-220500000000 0 0 -52177.0924792847 2.0E26 green green.gif
-221000000000 0 0 -52118.0351966589 2.0E26 green green.gif
-221500000000 0 0 -52059.1779952778 2.0E26 green green.gif
-222000000000 0 0 -52000.5197479222 2.0E26 green green.gif
-222500000000 0 0 -51942.0593362439 2.0E26 green green.gif
-223000000000 0 0 -51883.7956506757 2.0E26 green green.gif
-223500000000 0 0 -51825.7275903431 2.0E26 green green.gif
-224000000000 0 0 -51767.8540629772 2.0E26 green green.gif
-224500000000 0 0 -51710.1739848281 2.0E26 green green.gif
-225000000000 0 0 -51652.6862805798 2.0E26 green green.gif
-225500000000 0 0 -51595.3898832658 2.0E26 green green.gif
-226000000000 0 0 -51538.2837341862 2.0E26 green green.gif
-226500000000 0 0 -51481.3667828255 2.0E26 green green.gif
-227000000000 0 0 -51424.6379867713 2.0E26 green green.gif
-227500000000 0 0 -51368.0963116341 2.0E26 green green.gif
-228000000000 0 0 -51311.7407309682 2.0E26 green green.gif
-228500000000 0 0 -51255.5702261935 2.0E26 green green.gif
-229000000000 0 0 -51199.5837865178 2.0E26 green green.gif
-229500000000 0 0 -51143.780408861 2.0E26 green green.gif
-230000000000 0 0 -51088.1590977792 2.0E26 green green.gif
-230500000000 0 0 -51032.7188653899 2.0E26 green green.gif
-231000000000 0 0 -50977.458731299 2.0E26 green green.gif
-231500000000 0 0 -50922.3777225275 2.0E26 green green.gif
-232000000000 0 0 -50867.4748734395 2.0E26 green green.gif
-232500000000 0 0 -50812.7492256713 2.0E26 green green.gif
-233000000000 0 0 -50758.1998280613 2.0E26 green green.gif
-233500000000 0 0 -50703.8257365801 2.0E26 green green.gif
-234000000000 0 0 -50649.626014262 2.0E26 green green.gif
-234500000000 0 0 -50595.5997311378 2.0E26 green green.gif
-235000000000 0 0 -50541.7459641669 2.0E26 green green.gif
-235500000000 0 0 -50488.0637971715 2.0E26 green green.gif
-236000000000 0 0 -50434.5523207712 2.0E26 green green.gif
-236500000000 0 0 -50381.2106323182 2.0E26 green green.gif
-237000000000 0 0 -50328.0378358332 2.0E26 green green.gif
-237500000000 0 0 -50275.0330419426 2.0E26 green green.gif
-238000000000 0 0 -50222.1953678154 2.0E26 green green.gif
-238500000000 0 0 -50169.5239371022 2.0E26 green green.gif
-239000000000 0 0 -50117.0178798733 2.0E26 green green.gif
-239500000000 0 0 -50064.6763325593 2.0E26 green green.gif
-240000000000 0 0 -50012.4984378905 2.0E26 yellow yellow.gif
-240500000000 0 0 -49960.4833448386 2.0E26 yellow yellow.gif
-241000000000 0 0 -49908.6302085581 2.0E26 yellow yellow.gif
-241500000000 0 0 -49856.938190329 2.0E26 yellow yellow.gif
-242000000000 0 0 -49805.4064574991 2.0E26 yellow yellow.gif
-242500000000 0 0 -49754.0341834285 2.0E26 yellow yellow.gif
-243000000000 0 0 -49702.8205474334 2.0E26 yellow yellow.gif
-243500000000 0 0 -49651.7647347312 2.0E26 yellow yellow.gif
-244000000000 0 0 -49600.865936386 2.0E26 yellow yellow.gif
-244500000000 0 0 -49550.1233492549 2.0E26 yellow yellow.gif
-245000000000 0 0 -49499.5361759345 2.0E26 yellow yellow.gif
-245500000000 0 0 -49449.1036247086 2.0E26 yellow yellow.gif
-246000000000 0 0 -49398.8249094958 2.0E26 yellow yellow.gif
-246500000000 0 0 -49348.6992497984 2.0E26 yellow yellow.gif
-247000000000 0 0 -49298.7258706514 2.0E26 yellow yellow.gif
-247500000000 0 0 -49248.9040025719 2.0E26 yellow yellow.gif
-248000000000 0 0 -49199.2328815097 2.0E26 yellow yellow.gif
-248500000000 0 0 -49149.711748798 2.0E26 yellow yellow.gif
-249000000000 0 0 -49100.3398511046 2.0E26 yellow yellow.gif
-249500000000 0 0 -49051.1164403838 2.0E26 yellow yellow.gif
-250000000000 0 0 -49002.040773829 2.0E26 yellow yellow.gif
500000000 0 0 1095718.94206498 2.0E26 yellow yellow.gif
1000000000 0 0 774790.294208697 2.0E26 yellow yellow.gif
1500000000 0 0 632613.626157388 2.0E26 yellow yellow.gif
2000000000 0 0 547859.47103249 2.0E26 yellow yellow.gif
2500000000 0 0 490020.40773829 2.0E26 yellow yellow.gif
3000000000 0 0 447325.3849269 2.0E26 yellow yellow.gif
3500000000 0 0 414142.832503818 2.0E26 yellow yellow.gif
4000000000 0 0 387395.147104348 2.0E26 yellow yellow.gif
4500000000 0 0 365239.647354993 2.0E26 yellow yellow.gif
5000000000 0 0 346496.753231541 2.0E26 yellow yellow.gif
5500000000 0 0 330371.691501336 2.0E26 yellow yellow.gif
6000000000 0 0 316306.813078694 2.0E26 yellow yellow.gif
6500000000 0 0 303897.756085572 2.0E26 yellow yellow.gif
7000000000 0 0 292843.205243254 2.0E26 yellow yellow.gif
7500000000 0 0 282913.414316111 2.0E26 yellow yellow.gif
8000000000 0 0 273929.735516245 2.0E26 yellow yellow.gif
8500000000 0 0 265750.878477879 2.0E26 yellow yellow.gif
9000000000 0 0 258263.431402899 2.0E26 yellow yellow.gif
9500000000 0 0 251375.165209713 2.0E26 yellow yellow.gif
10000000000 0 0 245010.203869145 2.0E26 yellow yellow.gif
10500000000 0 0 239105.475829033 2.0E26 yellow yellow.gif
11000000000 0 0 233608.063372665 2.0E26 yellow yellow.gif
11500000000 0 0 228473.193175917 2.0E26 yellow yellow.gif
12000000000 0 0 223662.69246345 2.0E26 yellow yellow.gif
12500000000 0 0 219143.788412996 2.0E26 yellow yellow.gif
13000000000 0 0 214888.164115483 2.0E26 yellow yellow.gif
13500000000 0 0 210871.208719129 2.0E26 yellow yellow.gif
14000000000 0 0 207071.416251909 2.0E26 yellow yellow.gif
14500000000 0 0 203469.899493758 2.0E26 yellow yellow.gif
15000000000 0 0 200049.993751562 2.0E26 yellow yellow.gif
15500000000 0 0 196796.931526039 2.0E26 yellow yellow.gif
16000000000 0 0 193697.573552174 2.0E26 yellow yellow.gif
16500000000 0 0 190740.185020928 2.0E26 yellow yellow.gif
17000000000 0 0 187914.24827799 2.0E26 yellow yellow.gif
17500000000 0 0 185210.305174569 2.0E26 yellow yellow.gif
18000000000 0 0 182619.823677496 2.0E26 yellow yellow.gif
18500000000 0 0 180135.08444678 2.0E26 yellow yellow.gif
19000000000 0 0 177749.083941676 2.0E26 yellow yellow.gif
19500000000 0 0 175455.451282128 2.0E26 yellow yellow.gif
20000000000 0 0 173248.37661577 2.0E26 yellow yellow.gif
20500000000 0 0 171122.549154891 2.0E26 yellow yellow.gif
21000000000 0 0 169073.103377545 2.0E26 yellow yellow.gif
21500000000 0 0 167095.572151263 2.0E26 yellow yellow.gif
22000000000 0 0 165185.845750668 2.0E26 yellow yellow.gif
22500000000 0 0 163340.135912763 2.0E26 yellow yellow.gif
23000000000 0 0 161554.944214035 2.0E26 yellow yellow.gif
23500000000 0 0 159827.03416839 2.0E26 yellow yellow.gif
24000000000 0 0 158153.406539347 2.0E26 yellow yellow.gif
24500000000 0 0 156531.277437854 2.0E26 yellow yellow.gif
25000000000 0 0 154958.058841739 2.0E26 yellow yellow.gif
25500000000 0 0 153431.341226583 2.0E26 yellow yellow.gif
26000000000 0 0 151948.878042786 2.0E26 yellow yellow.gif
26500000000 0 0 150508.571811306 2.0E26 yellow yellow.gif
27000000000 0 0 149108.4616423 2.0E26 yellow yellow.gif
27500000000 0 0 147746.712007715 2.0E26 yellow yellow.gif
28000000000 0 0 146421.602621627 2.0E26 yellow yellow.gif
28500000000 0 0 145131.519301414 2.0E26 yellow yellow.gif
29000000000 0 0 143874.945699381 2.0E26 yellow yellow.gif
29500000000 0 0 142650.4558085 2.0E26 yellow yellow.gif
30000000000 0 0 141456.707158055 2.0E26 yellow yellow.gif
30500000000 0 0 140292.434625373 2.0E26 yellow yellow.gif
31000000000 0 0 139156.444798766 2.0E26 yellow yellow.gif
31500000000 0 0 138047.610834606 2.0E26 yellow yellow.gif
32000000000 0 0 136964.867758122 2.0E26 yellow yellow.gif
32500000000 0 0 135907.208163398 2.0E26 yellow yellow.gif
33000000000 0 0 134873.678273075 2.0E26 yellow yellow.gif
33500000000 0 0 133863.374322757 2.0E26 yellow yellow.gif
34000000000 0 0 132875.439238939 2.0E26 yellow yellow.gif
34500000000 0 0 131909.059582729 2.0E26 yellow yellow.gif
35000000000 0 0 130963.462734567 2.0E26 yellow yellow.gif
35500000000 0 0 130037.914297829 2.0E26 yellow yellow.gif
36000000000 0 0 129131.715701449 2.0E26 yellow yellow.gif
36500000000 0 0 128244.201983815 2.0E26 yellow yellow.gif
37000000000 0 0 127374.739741929 2.0E26 yellow yellow.gif
37500000000 0 0 126522.725231477 2.0E26 yellow yellow.gif
38000000000 0 0 125687.582604856 2.0E26 yellow yellow.gif
38500000000 0 0 124868.762275469 2.0E26 yellow yellow.gif
39000000000 0 0 124065.739397739 2.0E26 yellow yellow.gif
39500000000 0 0 123278.012453277 2.0E26 yellow yellow.gif
40000000000 0 0 122505.101934572 2.0E26 yellow yellow.gif
40500000000 0 0 121746.549118331 2.0E26 yellow yellow.gif
41000000000 0 0 121001.914921352 2.0E26 yellow yellow.gif
41500000000 0 0 120270.778832448 2.0E26 yellow yellow.gif
42000000000 0 0 119552.737914516 2.0E26 yellow yellow.gif
42500000000 0 0 118847.405871364 2.0E26 yellow yellow.gif
43000000000 0 0 118154.412174404 2.0E26 yellow yellow.gif
43500000000 0 0 117473.401244707 2.0E26 yellow yellow.gif
44000000000 0 0 116804.031686332 2.0E26 yellow yellow.gif
44500000000 0 0 116145.975567169 2.0E26 yellow yellow.gif
45000000000 0 0 115498.917743847 2.0E26 yellow yellow.gif
45500000000 0 0 114862.55522757 2.0E26 yellow yellow.gif
46000000000 0 0 114236.596587958 2.0E26 yellow yellow.gif
46500000000 0 0 113620.761392251 2.0E26 yellow yellow.gif
47000000000 0 0 113014.779677402 2.0E26 yellow yellow.gif
47500000000 0 0 112418.391452831 2.0E26 yellow yellow.gif
48000000000 0 0 111831.346231725 2.0E26 yellow yellow.gif
48500000000 0 0 111253.402588994 2.0E26 yellow yellow.gif
49000000000 0 0 110684.327744099 2.0E26 yellow yellow.gif
49500000000 0 0 110123.897167112 2.0E26 yellow yellow.gif
50000000000 0 0 109571.894206498 2.0E26 yellow yellow.gif
50500000000 0 0 109028.10973722 2.0E26 yellow yellow.gif
51000000000 0 0 108492.341827864 2.0E26 yellow yellow.gif
51500000000 0 0 107964.395425583 2.0E26 yellow yellow.gif
52000000000 0 0 107444.082057741 2.0E26 yellow yellow.gif
52500000000 0 0 106931.21954923 2.0E26 yellow yellow.gif
53000000000 0 0 106425.631754477 2.0E26 yellow yellow.gif
53500000000 0 0 105927.148303272 2.0E26 yellow yellow.gif
54000000000 0 0 105435.604359564 2.0E26 yellow yellow.gif
54500000000 0 0 104950.840392455 2.0E26 yellow yellow.gif
55000000000 0 0 104472.701958671 2.0E26 yellow yellow.gif
55500000000 0 0 104001.039495844 2.0E26 yellow yellow.gif
56000000000 0 0 103535.708125954 2.0E26 yellow yellow.gif
56500000000 0 0 103076.567468372 2.0E26 yellow yellow.gif
57000000000 0 0 102623.481461936 2.0E26 yellow yellow.gif
57500000000 0 0 102176.318195558 2.0E26 yellow yellow.gif
58000000000 0 0 101734.949746879 2.0E26 yellow yellow.gif
58500000000 0 0 101299.252028524 2.0E26 yellow yellow.gif
59000000000 0 0 100869.104641542 2.0E26 yellow yellow.gif
59500000000 0 0 100444.39073563 2.0E26 yellow yellow.gif
60000000000 0 0 100024.996875781 2.0E26 yellow yellow.gif
60500000000 0 0 99610.8129149982 2.0E26 yellow yellow.gif
61000000000 0 0 99201.7318727721 2.0E26 yellow yellow.gif
61500000000 0 0 98797.6498189916 2.0E26 yellow yellow.gif
62000000000 0 0 98398.4657630195 2.0E26 yellow yellow.gif
62500000000 0 0 98004.081547658 2.0E26 yellow yellow.gif
63000000000 0 0 97614.4017477514 2.0E26 yellow yellow.gif
63500000000 0 0 97229.3335731898 2.0E26 yellow yellow.gif
64000000000 0 0 96848.7867760871 2.0E26 yellow yellow.gif
64500000000 0 0 96472.6735619265 2.0E26 yellow yellow.gif
65000000000 0 0 96100.9085044705 2.0E26 yellow yellow.gif
65500000000 0 0 95733.4084642514 2.0E26 yellow yellow.gif
66000000000 0 0 95370.0925104644 2.0E26 yellow yellow.gif
66500000000 0 0 95010.8818460966 2.0E26 yellow yellow.gif
67000000000 0 0 94655.6997361348 2.0E26 yellow yellow.gif
67500000000 0 0 94304.4714387039 2.0E26 yellow yellow.gif
68000000000 0 0 93957.1241389953 2.0E26 yellow yellow.gif
68500000000 0 0 93613.5868858524 2.0E26 yellow yellow.gif
69000000000 0 0 93273.7905308881 2.0E26 yellow yellow.gif
69500000000 0 0 92937.6676700165 2.0E26 yellow yellow.gif
70000000000 0 0 92605.1525872847 2.0E26 yellow yellow.gif
70500000000 0 0 92276.1812008997 2.0E26 yellow yellow.gif
71000000000 0 0 91950.6910113501 2.0E26 yellow yellow.gif
71500000000 0 0 91628.6210515262 2.0E26 yellow yellow.gif
72000000000 0 0 91309.9118387483 2.0E26 yellow yellow.gif
72500000000 0 0 90994.5053286186 2.0E26 yellow yellow.gif
73000000000 0 0 90682.3448706134 2.0E26 yellow yellow.gif
73500000000 0 0 90373.3751653412 2.0E26 yellow yellow.gif
74000000000 0 0 90067.5422233901 2.0E26 yellow yellow.gif
74500000000 0 0 89764.7933256985 2.0E26 yellow yellow.gif
75000000000 0 0 89465.0769853801 2.0E26 yellow yellow.gif
75500000000 0 0 89168.3429109425 2.0E26 yellow yellow.gif
76000000000 0 0 88874.5419708384 2.0E26 yellow yellow.gif
76500000000 0 0 88583.6261592931 2.0E26 yellow yellow.gif
77000000000 0 0 88295.5485633556 2.0E26 yellow yellow.gif
77500000000 0 0 88010.2633311189 2.0E26 yellow yellow.gif
78000000000 0 0 87727.7256410642 2.0E26 yellow yellow.gif
78500000000 0 0 87447.8916724799 2.0E26 yellow yellow.gif
79000000000 0 0 87170.718576912 2.0E26 yellow yellow.gif
79500000000 0 0 86896.164450604 2.0E26 yellow yellow.gif
80000000000 0 0 86624.1883078854 2.0E26 yellow yellow.gif
80500000000 0 0 86354.7500554709 2.0E26 yellow yellow.gif
81000000000 0 0 86087.810467633 2.0E26 yellow yellow.gif
81500000000 0 0 85823.3311622145 2.0E26 yellow yellow.gif
82000000000 0 0 85561.2745774458 2.0E26 yellow yellow.gif
82500000000 0 0 85301.6039495368 2.0E26 yellow yellow.gif
83000000000 0 0 85044.2832910121 20.E24 yellow yellow.gif
83500000000 0 0 84789.2773697607 2.0E26 yellow yellow.gif
84000000000 0 0 84536.5516887729 2.0E26 yellow yellow.gif
84500000000 0 0 84286.0724665369 2.0E26 yellow yellow.gif
85000000000 0 0 84037.806618072 2.0E26 yellow yellow.gif
85500000000 0 0 83791.721736571 2.0E26 yellow yellow.gif
86000000000 0 0 83547.7860756318 2.0E26 yellow yellow.gif
86500000000 0 0 83305.968532054 2.0E26 yellow yellow.gif
87000000000 0 0 83066.2386291807 2.0E26 yellow yellow.gif
87500000000 0 0 82828.5665007636 2.0E26 yellow yellow.gif
88000000000 0 0 82592.9228753342 2.0E26 yellow yellow.gif
88500000000 0 0 82359.2790610604 2.0E26 yellow yellow.gif
89000000000 0 0 82127.6069310723 2.0E26 yellow yellow.gif
89500000000 0 0 81897.8789092391 2.0E26 yellow yellow.gif
90000000000 0 0 81670.0679563816 2.0E26 yellow yellow.gif
90500000000 0 0 81444.1475569038 2.0E26 yellow yellow.gif
91000000000 0 0 81220.0917058291 2.0E26 yellow yellow.gif
91500000000 0 0 80997.8748962274 2.0E26 yellow yellow.gif
92000000000 0 0 80777.4721070175 2.0E26 yellow yellow.gif
92500000000 0 0 80558.8587911331 2.0E26 yellow yellow.gif
93000000000 0 0 80342.0108640393 2.0E26 yellow yellow.gif
93500000000 0 0 80126.9046925873 2.0E26 yellow yellow.gif
94000000000 0 0 79913.5170841951 2.0E26 yellow yellow.gif
94500000000 0 0 79701.8252763445 2.0E26 yellow yellow.gif
95000000000 0 0 79491.8069263811 2.0E26 yellow yellow.gif
95500000000 0 0 79283.4401016098 2.0E26 yellow yellow.gif
96000000000 0 0 79076.7032696735 2.0E26 yellow yellow.gif
96500000000 0 0 78871.5752892069 2.0E26 yellow yellow.gif
97000000000 0 0 78668.0354007549 2.0E26 yellow yellow.gif
97500000000 0 0 78466.0632179484 2.0E26 yellow yellow.gif
98000000000 0 0 78265.6387189271 2.0E26 yellow yellow.gif
98500000000 0 0 78066.7422380031 2.0E26 yellow yellow.gif
99000000000 0 0 77869.3544575551 2.0E26 yellow yellow.gif
99500000000 0 0 77673.4564001482 2.0E26 yellow yellow.gif
100000000000 0 0 77479.0294208697 2.0E26 blue blue.gif
100500000000 0 0 77286.0551998755 2.0E26 blue blue.gif
101000000000 0 0 77094.5157351393 2.0E26 blue blue.gif
101500000000 0 0 76904.3933353987 2.0E26 blue blue.gif
102000000000 0 0 76715.6706132916 2.0E26 blue blue.gif
102500000000 0 0 76528.3304786773 2.0E26 blue blue.gif
103000000000 0 0 76342.3561321356 2.0E26 blue blue.gif
103500000000 0 0 76157.731058639 2.0E26 blue blue.gif
104000000000 0 0 75974.4390213931 2.0E26 blue blue.gif
104500000000 0 0 75792.464055838 2.0E26 blue blue.gif
105000000000 0 0 75611.7904638083 2.0E26 blue blue.gif
105500000000 0 0 75432.4028078446 2.0E26 blue blue.gif
106000000000 0 0 75254.2859056533 2.0E26 blue blue.gif
106500000000 0 0 75077.4248247091 2.0E26 blue blue.gif
107000000000 0 0 74901.8048769973 2.0E26 blue blue.gif
107500000000 0 0 74727.4116138892 2.0E26 blue blue.gif
108000000000 0 0 74554.2308211501 2.0E26 blue blue.gif
108500000000 0 0 74382.2485140723 2.0E26 blue blue.gif
109000000000 0 0 74211.4509327319 2.0E26 blue blue.gif
109500000000 0 0 74041.8245373648 2.0E26 blue blue.gif
110000000000 0 0 73873.3560038578 2.0E26 blue blue.gif
110500000000 0 0 73706.0322193534 2.0E26 blue blue.gif
111000000000 0 0 73539.8402779616 2.0E26 blue blue.gif
111500000000 0 0 73374.7674765798 2.0E26 blue blue.gif
112000000000 0 0 73210.8013108136 2.0E26 blue blue.gif
112500000000 0 0 73047.9294709987 2.0E26 blue blue.gif
113000000000 0 0 72886.1398383188 2.0E26 blue blue.gif
113500000000 0 0 72725.4204810186 2.0E26 blue blue.gif
114000000000 0 0 72565.7596507072 2.0E26 blue blue.gif
114500000000 0 0 72407.1457787512 2.0E26 blue blue.gif
115000000000 0 0 72249.5674727537 2.0E26 blue blue.gif
115500000000 0 0 72093.0135131178 2.0E26 blue blue.gif
116000000000 0 0 71937.4728496907 2.0E26 blue blue.gif
116500000000 0 0 71782.934598488 2.0E26 blue blue.gif
117000000000 0 0 71629.3880384945 2.0E26 blue blue.gif
117500000000 0 0 71476.8226085404 2.0E26 blue blue.gif
118000000000 0 0 71325.2279042501 2.0E26 blue blue.gif
118500000000 0 0 71174.5936750616 2.0E26 blue blue.gif
119000000000 0 0 71024.9098213158 2.0E26 blue blue.gif
119500000000 0 0 70876.1663914118 2.0E26 blue blue.gif
120000000000 0 0 70728.3535790279 2.0E26 blue blue.gif
120500000000 0 0 70581.4617204065 2.0E26 blue blue.gif
121000000000 0 0 70435.4812916997 2.0E26 blue blue.gif
121500000000 0 0 70290.4029063764 2.0E26 blue blue.gif
122000000000 0 0 70146.2173126868 2.0E26 blue blue.gif
122500000000 0 0 70002.9153911842 2.0E26 blue blue.gif
123000000000 0 0 69860.4881523028 2.0E26 blue blue.gif
123500000000 0 0 69718.9267339886 2.0E26 blue blue.gif
124000000000 0 0 69578.2223993834 2.0E26 blue blue.gif
124500000000 0 0 69438.3665345603 2.0E26 blue blue.gif
125000000000 0 0 69299.3506463083 2.0E26 blue blue.gif
125500000000 0 0 69161.1663599661 2.0E26 blue blue.gif
126000000000 0 0 69023.805417303 2.0E26 blue blue.gif
126500000000 0 0 68887.2596744459 2.0E26 blue blue.gif
127000000000 0 0 68751.5210998513 2.0E26 blue blue.gif
127500000000 0 0 68616.5817723212 2.0E26 blue blue.gif
128000000000 0 0 68482.4338790612 2.0E26 blue blue.gif
128500000000 0 0 68349.069713781 2.0E26 blue blue.gif
129000000000 0 0 68216.4816748344 2.0E26 blue blue.gif
129500000000 0 0 68084.6622633999 2.0E26 blue blue.gif
130000000000 0 0 67953.604081699 2.0E26 blue blue.gif
130500000000 0 0 67823.2998312526 2.0E26 blue blue.gif
131000000000 0 0 67693.7423111738 2.0E26 blue blue.gif
131500000000 0 0 67564.9244164962 2.0E26 blue blue.gif
132000000000 0 0 67436.8391365377 2.0E26 blue blue.gif
132500000000 0 0 67309.479553298 2.0E26 blue blue.gif
133000000000 0 0 67182.8388398887 2.0E26 blue blue.gif
133500000000 0 0 67056.9102589967 2.0E26 blue blue.gif
134000000000 0 0 66931.6871613786 2.0E26 blue blue.gif
134500000000 0 0 66807.1629843859 2.0E26 blue blue.gif
135000000000 0 0 66683.3312505206 2.0E26 blue blue.gif
135500000000 0 0 66560.18556602 2.0E26 blue blue.gif
136000000000 0 0 66437.7196194698 2.0E26 blue blue.gif
136500000000 0 0 66315.9271804458 2.0E26 blue blue.gif
137000000000 0 0 66194.8020981822 2.0E26 blue blue.gif
137500000000 0 0 66074.3383002674 2.0E26 blue blue.gif
138000000000 0 0 65954.5297913645 2.0E26 blue blue.gif
138500000000 0 0 65835.3706519593 2.0E26 blue blue.gif
139000000000 0 0 65716.8550371304 2.0E26 blue blue.gif
139500000000 0 0 65598.9771753463 2.0E26 blue blue.gif
140000000000 0 0 65481.7313672839 2.0E26 blue blue.gif
140500000000 0 0 65365.1119846717 2.0E26 blue blue.gif
141000000000 0 0 65249.1134691548 2.0E26 blue blue.gif
141500000000 0 0 65133.7303311818 2.0E26 blue blue.gif
142000000000 0 0 65018.9571489146 2.0E26 blue blue.gif
142500000000 0 0 64904.7885671571 2.0E26 blue blue.gif
143000000000 0 0 64791.2192963066 2.0E26 blue blue.gif
143500000000 0 0 64678.2441113241 2.0E26 blue blue.gif
144000000000 0 0 64565.8578507247 2.0E26 blue blue.gif
144500000000 0 0 64454.055415587 2.0E26 blue blue.gif
145000000000 0 0 64342.8317685816 2.0E26 blue blue.gif
145500000000 0 0 64232.1819330177 2.0E26 blue blue.gif
146000000000 0 0 64122.1009919079 2.0E26 blue blue.gif
146500000000 0 0 64012.5840870504 2.0E26 blue blue.gif
147000000000 0 0 63903.6264181286 2.0E26 blue blue.gif
147500000000 0 0 63795.2232418272 2.0E26 blue blue.gif
148000000000 0 0 63687.3698709648 2.0E26 blue blue.gif
148500000000 0 0 63580.0616736429 2.0E26 blue blue.gif
149000000000 0 0 63473.2940724103 2.0E26 blue blue.gif
149500000000 0 0 63367.0625434429 2.0E26 blue blue.gif
150000000000 0 0 63261.3626157388 2.0E26 blue blue.gif
150500000000 0 0 63156.1898703276 2.0E26 blue blue.gif
151000000000 0 0 63051.5399394949 2.0E26 blue blue.gif
151500000000 0 0 62947.40850602 2.0E26 blue blue.gif
152000000000 0 0 62843.7913024282 2.0E26 blue blue.gif
152500000000 0 0 62740.6841102561 2.0E26 blue blue.gif
153000000000 0 0 62638.0827593302 2.0E26 blue blue.gif
153500000000 0 0 62535.9831270585 2.0E26 blue blue.gif
154000000000 0 0 62434.3811377349 2.0E26 blue blue.gif
154500000000 0 0 62333.2727618555 2.0E26 blue blue.gif
155000000000 0 0 62232.6540154479 2.0E26 blue blue.gif
155500000000 0 0 62132.5209594114 2.0E26 blue blue.gif
156000000000 0 0 62032.8696988695 2.0E26 blue blue.gif
156500000000 0 0 61933.6963825334 2.0E26 blue blue.gif
157000000000 0 0 61834.9972020771 2.0E26 blue blue.gif
157500000000 0 0 61736.7683915231 2.0E26 blue blue.gif
158000000000 0 0 61639.0062266386 2.0E26 blue blue.gif
158500000000 0 0 61541.7070243427 2.0E26 blue blue.gif
159000000000 0 0 61444.8671421234 2.0E26 blue blue.gif
159500000000 0 0 61348.4829774654 2.0E26 blue blue.gif
160000000000 0 0 61252.5509672862 2.0E26 blue blue.gif
160500000000 0 0 61157.0675873839 2.0E26 blue blue.gif
161000000000 0 0 61062.0293518928 2.0E26 blue blue.gif
161500000000 0 0 60967.4328127492 2.0E26 blue blue.gif
162000000000 0 0 60873.2745591655 2.0E26 blue blue.gif
162500000000 0 0 60779.5512171145 2.0E26 blue blue.gif
163000000000 0 0 60686.2594488206 2.0E26 blue blue.gif
163500000000 0 0 60593.3959522613 2.0E26 blue blue.gif
164000000000 0 0 60500.957460676 2.0E26 blue blue.gif
164500000000 0 0 60408.9407420834 2.0E26 blue blue.gif
165000000000 0 0 60317.3425988066 2.0E26 blue blue.gif
165500000000 0 0 60226.1598670069 2.0E26 blue blue.gif
166000000000 0 0 60135.3894162244 2.0E26 blue blue.gif
166500000000 0 0 60045.0281489267 2.0E26 blue blue.gif
167000000000 0 0 59955.0730000649 2.0E26 blue blue.gif
167500000000 0 0 59865.520936637 2.0E26 blue blue.gif
168000000000 0 0 59776.3689572584 2.0E26 blue blue.gif
168500000000 0 0 59687.6140917392 2.0E26 blue blue.gif
169000000000 0 0 59599.253400669 2.0E26 blue blue.gif
169500000000 0 0 59511.2839750074 2.0E26 blue blue.gif
170000000000 0 0 59423.7029356824 2.0E26 blue blue.gif
170500000000 0 0 59336.5074331941 2.0E26 blue blue.gif
171000000000 0 0 59249.6946472255 2.0E26 blue blue.gif
171500000000 0 0 59163.2617862597 2.0E26 blue blue.gif
172000000000 0 0 59077.2060872022 2.0E26 blue blue.gif
172500000000 0 0 58991.5248150105 2.0E26 blue blue.gif
173000000000 0 0 58906.2152623285 2.0E26 blue blue.gif
173500000000 0 0 58821.2747491279 2.0E26 blue blue.gif
174000000000 0 0 58736.7006223536 2.0E26 blue blue.gif
174500000000 0 0 58652.4902555766 2.0E26 blue blue.gif
175000000000 0 0 58568.6410486508 2.0E26 blue blue.gif
175500000000 0 0 58485.1504273761 2.0E26 blue blue.gif
176000000000 0 0 58402.0158431663 2.0E26 blue blue.gif
176500000000 0 0 58319.2347727224 2.0E26 blue blue.gif
177000000000 0 0 58236.804717711 2.0E26 blue blue.gif
177500000000 0 0 58154.7232044476 2.0E26 blue blue.gif
178000000000 0 0 58072.9877835845 2.0E26 blue blue.gif
178500000000 0 0 57991.5960298044 2.0E26 blue blue.gif
179000000000 0 0 57910.5455415177 2.0E26 blue blue.gif
179500000000 0 0 57829.8339405649 2.0E26 blue blue.gif
180000000000 0 0 57749.4588719236 2.0E26 blue blue.gif
180500000000 0 0 57669.41800342 2.0E26 blue blue.gif
181000000000 0 0 57589.7090254444 2.0E26 blue blue.gif
181500000000 0 0 57510.3296506716 2.0E26 blue blue.gif
182000000000 0 0 57431.277613785 2.0E26 blue blue.gif
182500000000 0 0 57352.5506712051 2.0E26 blue blue.gif
183000000000 0 0 57274.146600822 2.0E26 blue blue.gif
183500000000 0 0 57196.0632017323 2.0E26 blue blue.gif
184000000000 0 0 57118.2982939793 2.0E26 blue blue.gif
184500000000 0 0 57040.8497182972 2.0E26 blue blue.gif
185000000000 0 0 56963.7153358597 2.0E26 blue blue.gif
185500000000 0 0 56886.8930280319 2.0E26 blue blue.gif
186000000000 0 0 56810.3806961255 2.0E26 blue blue.gif
186500000000 0 0 56734.1762611582 2.0E26 blue blue.gif
187000000000 0 0 56658.2776636167 2.0E26 blue blue.gif
187500000000 0 0 56582.6828632223 2.0E26 blue blue.gif
188000000000 0 0 56507.3898387014 2.0E26 blue blue.gif
188500000000 0 0 56432.3965875576 2.0E26 blue blue.gif
189000000000 0 0 56357.7011258486 2.0E26 blue blue.gif
189500000000 0 0 56283.3014879655 2.0E26 blue blue.gif
190000000000 0 0 56209.1957264158 2.0E26 blue blue.gif
190500000000 0 0 56135.381911609 2.0E26 blue blue.gif
191000000000 0 0 56061.8581316457 2.0E26 blue blue.gif
191500000000 0 0 55988.6224921096 2.0E26 blue blue.gif
192000000000 0 0 55915.6731158626 2.0E26 blue blue.gif
192500000000 0 0 55843.0081428423 2.0E26 blue blue.gif
193000000000 0 0 55770.6257298635 2.0E26 blue blue.gif
193500000000 0 0 55698.5240504212 2.0E26 blue blue.gif
194000000000 0 0 55626.7012944972 2.0E26 blue blue.gif
194500000000 0 0 55555.1556683694 2.0E26 blue blue.gif
195000000000 0 0 55483.8853944236 2.0E26 blue blue.gif
195500000000 0 0 55412.8887109679 2.0E26 blue blue.gif
196000000000 0 0 55342.1638720498 2.0E26 blue blue.gif
196500000000 0 0 55271.7091472759 2.0E26 blue blue.gif
197000000000 0 0 55201.5228216342 2.0E26 blue blue.gif
197500000000 0 0 55131.6031953187 2.0E26 blue blue.gif
198000000000 0 0 55061.9485835561 2.0E26 blue blue.gif
198500000000 0 0 54992.5573164361 2.0E26 blue blue.gif
199000000000 0 0 54923.4277387424 2.0E26 blue blue.gif
199500000000 0 0 54854.5582097876 2.0E26 blue blue.gif
200000000000 0 0 54785.947103249 2.0E26 blue blue.gif
200500000000 0 0 54717.5928070078 2.0E26 blue blue.gif
201000000000 0 0 54649.4937229898 2.0E26 blue blue.gif
201500000000 0 0 54581.6482670084 2.0E26 blue blue.gif
202000000000 0 0 54514.05486861 2.0E26 blue blue.gif
202500000000 0 0 54446.7119709211 2.0E26 blue blue.gif
203000000000 0 0 54379.6180304979 2.0E26 blue blue.gif
203500000000 0 0 54312.7715171777 2.0E26 blue blue.gif
204000000000 0 0 54246.170913932 2.0E26 blue blue.gif
204500000000 0 0 54179.8147167225 2.0E26 blue blue.gif
205000000000 0 0 54113.7014343579 2.0E26 blue blue.gif
205500000000 0 0 54047.8295883533 2.0E26 blue blue.gif
206000000000 0 0 53982.1977127915 2.0E26 blue blue.gif
206500000000 0 0 53916.8043541858 2.0E26 blue blue.gif
207000000000 0 0 53851.648071345 2.0E26 blue blue.gif
207500000000 0 0 53786.7274352397 2.0E26 blue blue.gif
208000000000 0 0 53722.0410288709 2.0E26 blue blue.gif
208500000000 0 0 53657.58744714 2.0E26 blue blue.gif
209000000000 0 0 53593.3652967207 2.0E26 blue blue.gif
209500000000 0 0 53529.3731959323 2.0E26 blue blue.gif
210000000000 0 0 53465.6097746152 2.0E26 blue blue.gif
210500000000 0 0 53402.0736740071 2.0E26 blue blue.gif
211000000000 0 0 53338.7635466221 2.0E26 blue blue.gif
211500000000 0 0 53275.6780561301 2.0E26 blue blue.gif
212000000000 0 0 53212.8158772386 2.0E26 blue blue.gif
212500000000 0 0 53150.1756955759 2.0E26 blue blue.gif
213000000000 0 0 53087.7562075751 2.0E26 blue blue.gif
213500000000 0 0 53025.5561203608 2.0E26 blue blue.gif
214000000000 0 0 52963.5741516364 2.0E26 blue blue.gif
214500000000 0 0 52901.8090295728 2.0E26 blue blue.gif
215000000000 0 0 52840.2594926994 2.0E26 blue blue.gif
215500000000 0 0 52778.9242897952 2.0E26 blue blue.gif
216000000000 0 0 52717.8021797823 2.0E26 blue blue.gif
216500000000 0 0 52656.8919316207 2.0E26 blue blue.gif
217000000000 0 0 52596.1923242035 2.0E26 blue blue.gif
217500000000 0 0 52535.7021462547 2.0E26 blue blue.gif
218000000000 0 0 52475.4201962275 2.0E26 blue blue.gif
218500000000 0 0 52415.3452822036 2.0E26 blue blue.gif
219000000000 0 0 52355.4762217951 2.0E26 blue blue.gif
219500000000 0 0 52295.811842046 2.0E26 blue blue.gif
220000000000 0 0 52236.3509793358 2.0E26 blue blue.gif
220500000000 0 0 52177.0924792847 2.0E26 blue blue.gif
221000000000 0 0 52118.0351966589 2.0E26 blue blue.gif
221500000000 0 0 52059.1779952778 2.0E26 blue blue.gif
222000000000 0 0 52000.5197479222 2.0E26 blue blue.gif
222500000000 0 0 51942.0593362439 2.0E26 blue blue.gif
223000000000 0 0 51883.7956506757 2.0E26 blue blue.gif
223500000000 0 0 51825.7275903431 2.0E26 blue blue.gif
224000000000 0 0 51767.8540629772 2.0E26 blue blue.gif
224500000000 0 0 51710.1739848281 2.0E26 blue blue.gif
225000000000 0 0 51652.6862805798 2.0E26 blue blue.gif
225500000000 0 0 51595.3898832658 2.0E26 blue blue.gif
226000000000 0 0 51538.2837341862 2.0E26 blue blue.gif
226500000000 0 0 51481.3667828255 2.0E26 blue blue.gif
227000000000 0 0 51424.6379867713 2.0E26 blue blue.gif
227500000000 0 0 51368.0963116341 2.0E26 blue blue.gif
228000000000 0 0 51311.7407309682 2.0E26 blue blue.gif
228500000000 0 0 51255.5702261935 2.0E26 blue blue.gif
229000000000 0 0 51199.5837865178 2.0E26 blue blue.gif
229500000000 0 0 51143.780408861 2.0E26 blue blue.gif
230000000000 0 0 51088.1590977792 2.0E26 blue blue.gif
230500000000 0 0 51032.7188653899 2.0E26 blue blue.gif
231000000000 0 0 50977.458731299 2.0E26 blue blue.gif
231500000000 0 0 50922.3777225275 2.0E26 blue blue.gif
232000000000 0 0 50867.4748734395 2.0E26 blue blue.gif
232500000000 0 0 50812.7492256713 2.0E26 blue blue.gif
233000000000 0 0 50758.1998280613 2.0E26 blue blue.gif
233500000000 0 0 50703.8257365801 2.0E26 blue blue.gif
234000000000 0 0 50649.626014262 2.0E26 blue blue.gif
234500000000 0 0 50595.5997311378 2.0E26 blue blue.gif
235000000000 0 0 50541.7459641669 2.0E26 blue blue.gif
235500000000 0 0 50488.0637971715 2.0E26 blue blue.gif
236000000000 0 0 50434.5523207712 2.0E26 blue blue.gif
236500000000 0 0 50381.2106323182 2.0E26 blue blue.gif
237000000000 0 0 50328.0378358332 2.0E26 blue blue.gif
237500000000 0 0 50275.0330419426 2.0E26 blue blue.gif
238000000000 0 0 50222.1953678154 2.0E26 blue blue.gif
238500000000 0 0 50169.5239371022 2.0E26 blue blue.gif
239000000000 0 0 50117.0178798733 2.0E26 blue blue.gif
239500000000 0 0 50064.6763325593 2.0E26 blue blue.gif
240000000000 0 0 50012.4984378905 2.0E26 blue blue.gif
240500000000 0 0 49960.4833448386 2.0E26 blue blue.gif
241000000000 0 0 49908.6302085581 2.0E26 blue blue.gif
241500000000 0 0 49856.938190329 2.0E26 blue blue.gif
242000000000 0 0 49805.4064574991 2.0E26 blue blue.gif
242500000000 0 0 49754.0341834285 2.0E26 blue blue.gif
243000000000 0 0 49702.8205474334 2.0E26 blue blue.gif
243500000000 0 0 49651.7647347312 2.0E26 blue blue.gif
244000000000 0 0 49600.865936386 2.0E26 blue blue.gif
244500000000 0 0 49550.1233492549 2.0E26 blue blue.gif
245000000000 0 0 49499.5361759345 2.0E26 blue blue.gif
245500000000 0 0 49449.1036247086 2.0E26 blue blue.gif
246000000000 0 0 49398.8249094958 2.0E26 blue blue.gif
246500000000 0 0 49348.6992497984 2.0E26 blue blue.gif
247000000000 0 0 49298.7258706514 2.0E26 blue blue.gif
247500000000 0 0 49248.9040025719 2.0E26 blue blue.gif
248000000000 0 0 49199.2328815097 2.0E26 blue blue.gif
248500000000 0 0 49149.711748798 2.0E26 blue blue.gif
249000000000 0 0 49100.3398511046 2.0E26 blue blue.gif
249500000000 0 0 49051.1164403838 2.0E26 blue blue.gif
250000000000 0 0 49002.040773829 2.0E26 blue blue.gif








Creator of universe: Matt Tilghman, COS 126, Spring 2006

Spiral formation of a galaxy slowly change into more of a cluster
from the inside-out. 
