233
2.5E11
-48000000000 0 0 -111831.346231725 2.0E26 red red.gif
-48500000000 0 0 -111253.402588994 2.0E26 red red.gif
-49000000000 0 0 -110684.327744099 2.0E26 red red.gif
-49500000000 0 0 -110123.897167112 2.0E26 red red.gif
-50000000000 0 0 -109571.894206498 2.0E26 red red.gif
-50500000000 0 0 -109028.10973722 2.0E26 red red.gif
-51000000000 0 0 -108492.341827864 2.0E26 red red.gif
-51500000000 0 0 -107964.395425583 2.0E26 red red.gif
-52000000000 0 0 -107444.082057741 2.0E26 red red.gif
-52500000000 0 0 -106931.21954923 2.0E26 red red.gif
-53000000000 0 0 -106425.631754477 2.0E26 red red.gif
-53500000000 0 0 -105927.148303272 2.0E26 red red.gif
-54000000000 0 0 -105435.604359564 2.0E26 red red.gif
-54500000000 0 0 -104950.840392455 2.0E26 red red.gif
-55000000000 0 0 -104472.701958671 2.0E26 red red.gif
-55500000000 0 0 -104001.039495844 2.0E26 red red.gif
-56000000000 0 0 -103535.708125954 2.0E26 red red.gif
-56500000000 0 0 -103076.567468372 2.0E26 red red.gif
-57000000000 0 0 -102623.481461936 2.0E26 red red.gif
-57500000000 0 0 -102176.318195558 2.0E26 red red.gif
-58000000000 0 0 -101734.949746879 2.0E26 red red.gif
-58500000000 0 0 -101299.252028524 2.0E26 red red.gif
-59000000000 0 0 -100869.104641542 2.0E26 red red.gif
-59500000000 0 0 -100444.39073563 2.0E26 red red.gif
-60000000000 0 0 -100024.996875781 2.0E26 red red.gif
-60500000000 0 0 -99610.8129149982 2.0E26 red red.gif
-61000000000 0 0 -99201.7318727721 2.0E26 red red.gif
-61500000000 0 0 -98797.6498189916 2.0E26 red red.gif
-62000000000 0 0 -98398.4657630195 2.0E26 red red.gif
-62500000000 0 0 -98004.081547658 2.0E26 red red.gif
-63000000000 0 0 -97614.4017477514 2.0E26 red red.gif
-63500000000 0 0 -97229.3335731898 2.0E26 red red.gif
-64000000000 0 0 -96848.7867760871 2.0E26 red red.gif
-64500000000 0 0 -96472.6735619265 2.0E26 red red.gif
-65000000000 0 0 -96100.9085044705 2.0E26 red red.gif
-65500000000 0 0 -95733.4084642514 2.0E26 red red.gif
-66000000000 0 0 -95370.0925104644 2.0E26 red red.gif
-66500000000 0 0 -95010.8818460966 2.0E26 red red.gif
-67000000000 0 0 -94655.6997361348 2.0E26 red red.gif
-67500000000 0 0 -94304.4714387039 2.0E26 red red.gif
-68000000000 0 0 -93957.1241389953 2.0E26 red red.gif
-68500000000 0 0 -93613.5868858524 2.0E26 red red.gif
-69000000000 0 0 -93273.7905308881 2.0E26 red red.gif
-69500000000 0 0 -92937.6676700165 2.0E26 red red.gif
-70000000000 0 0 -92605.1525872847 2.0E26 red red.gif
-70500000000 0 0 -92276.1812008997 2.0E26 red red.gif
-71000000000 0 0 -91950.6910113501 2.0E26 red red.gif
-71500000000 0 0 -91628.6210515262 2.0E26 red red.gif
-72000000000 0 0 -91309.9118387483 2.0E26 red red.gif
-72500000000 0 0 -90994.5053286186 2.0E26 red red.gif
-73000000000 0 0 -90682.3448706134 2.0E26 red red.gif
-73500000000 0 0 -90373.3751653412 2.0E26 red red.gif
-74000000000 0 0 -90067.5422233901 2.0E26 red red.gif
-74500000000 0 0 -89764.7933256985 2.0E26 red red.gif
-75000000000 0 0 -89465.0769853801 2.0E26 red red.gif
-75500000000 0 0 -89168.3429109425 2.0E26 red red.gif
-76000000000 0 0 -88874.5419708384 2.0E26 red red.gif
-76500000000 0 0 -88583.6261592931 2.0E26 red red.gif
-77000000000 0 0 -88295.5485633556 2.0E26 red red.gif
-77500000000 0 0 -88010.2633311189 2.0E26 red red.gif
-78000000000 0 0 -87727.7256410642 2.0E26 red red.gif
-78500000000 0 0 -87447.8916724799 2.0E26 red red.gif
-79000000000 0 0 -87170.718576912 2.0E26 red red.gif
-79500000000 0 0 -86896.164450604 2.0E26 red red.gif
-80000000000 0 0 -86624.1883078854 2.0E26 red red.gif
-80500000000 0 0 -86354.7500554709 2.0E26 red red.gif
-81000000000 0 0 -86087.810467633 2.0E26 red red.gif
-81500000000 0 0 -85823.3311622145 2.0E26 red red.gif
-82000000000 0 0 -85561.2745774458 2.0E26 red red.gif
-82500000000 0 0 -85301.6039495368 2.0E26 red red.gif
-83000000000 0 0 -85044.2832910121 2.0E26 red red.gif
-83500000000 0 0 -84789.2773697607 2.0E26 red red.gif
-84000000000 0 0 -84536.5516887729 2.0E26 red red.gif
-84500000000 0 0 -84286.0724665369 2.0E26 red red.gif
-85000000000 0 0 -84037.806618072 2.0E26 red red.gif
-85500000000 0 0 -83791.721736571 2.0E26 red red.gif
-86000000000 0 0 -83547.7860756318 2.0E26 red red.gif
-86500000000 0 0 -83305.968532054 2.0E26 red red.gif
-87000000000 0 0 -83066.2386291807 2.0E26 red red.gif
-87500000000 0 0 -82828.5665007636 2.0E26 red red.gif
-88000000000 0 0 -82592.9228753342 2.0E26 red red.gif
-88500000000 0 0 -82359.2790610604 2.0E26 red red.gif
-89000000000 0 0 -82127.6069310723 2.0E26 red red.gif
-89500000000 0 0 -81897.8789092391 2.0E26 red red.gif
-90000000000 0 0 -81670.0679563816 2.0E26 red red.gif
-90500000000 0 0 -81444.1475569038 2.0E26 red red.gif
-91000000000 0 0 -81220.0917058291 2.0E26 red red.gif
-91500000000 0 0 -80997.8748962274 2.0E26 red red.gif
-92000000000 0 0 -80777.4721070175 2.0E26 red red.gif
-92500000000 0 0 -80558.8587911331 2.0E26 red red.gif
-93000000000 0 0 -80342.0108640393 2.0E26 red red.gif
-93500000000 0 0 -80126.9046925873 2.0E26 red red.gif
-169500000000 0 0 -59511.2839750074 2.0E26 green green.gif
-170000000000 0 0 -59423.7029356824 2.0E26 green green.gif
-170500000000 0 0 -59336.5074331941 2.0E26 green green.gif
-171000000000 0 0 -59249.6946472255 2.0E26 green green.gif
-171500000000 0 0 -59163.2617862597 2.0E26 green green.gif
-172000000000 0 0 -59077.2060872022 2.0E26 green green.gif
-172500000000 0 0 -58991.5248150105 2.0E26 green green.gif
-173000000000 0 0 -58906.2152623285 2.0E26 green green.gif
-173500000000 0 0 -58821.2747491279 2.0E26 green green.gif
-174000000000 0 0 -58736.7006223536 2.0E26 green green.gif
-174500000000 0 0 -58652.4902555766 2.0E26 green green.gif
-175000000000 0 0 -58568.6410486508 2.0E26 green green.gif
-175500000000 0 0 -58485.1504273761 2.0E26 green green.gif
-176000000000 0 0 -58402.0158431663 2.0E26 green green.gif
-176500000000 0 0 -58319.2347727224 2.0E26 green green.gif
-177000000000 0 0 -58236.804717711 2.0E26 green green.gif
-177500000000 0 0 -58154.7232044476 2.0E26 green green.gif
-178000000000 0 0 -58072.9877835845 2.0E26 green green.gif
-178500000000 0 0 -57991.5960298044 2.0E26 green green.gif
-179000000000 0 0 -57910.5455415177 2.0E26 green green.gif
-179500000000 0 0 -57829.8339405649 2.0E26 green green.gif
-180000000000 0 0 -57749.4588719236 2.0E26 green green.gif
-180500000000 0 0 -57669.41800342 2.0E26 green green.gif
-181000000000 0 0 -57589.7090254444 2.0E26 green green.gif
-181500000000 0 0 -57510.3296506716 2.0E26 green green.gif
-182000000000 0 0 -57431.277613785 2.0E26 green green.gif
-182500000000 0 0 -57352.5506712051 2.0E26 green green.gif
-183000000000 0 0 -57274.146600822 2.0E26 green green.gif
-183500000000 0 0 -57196.0632017323 2.0E26 green green.gif
-184000000000 0 0 -57118.2982939793 2.0E26 green green.gif
-184500000000 0 0 -57040.8497182972 2.0E26 green green.gif
-185000000000 0 0 -56963.7153358597 2.0E26 green green.gif
-185500000000 0 0 -56886.8930280319 2.0E26 green green.gif
-186000000000 0 0 -56810.3806961255 2.0E26 green green.gif
-186500000000 0 0 -56734.1762611582 2.0E26 green green.gif
-187000000000 0 0 -56658.2776636167 2.0E26 green green.gif
-187500000000 0 0 -56582.6828632223 2.0E26 green green.gif
-188000000000 0 0 -56507.3898387014 2.0E26 green green.gif
-188500000000 0 0 -56432.3965875576 2.0E26 green green.gif
-189000000000 0 0 -56357.7011258486 2.0E26 green green.gif
-189500000000 0 0 -56283.3014879655 2.0E26 green green.gif
-190000000000 0 0 -56209.1957264158 2.0E26 green green.gif
-190500000000 0 0 -56135.381911609 2.0E26 green green.gif
-191000000000 0 0 -56061.8581316457 2.0E26 green green.gif
-191500000000 0 0 -55988.6224921096 2.0E26 green green.gif
-192000000000 0 0 -55915.6731158626 2.0E26 green green.gif
-192500000000 0 0 -55843.0081428423 2.0E26 green green.gif
-193000000000 0 0 -55770.6257298635 2.0E26 green green.gif
-193500000000 0 0 -55698.5240504212 2.0E26 green green.gif
-194000000000 0 0 -55626.7012944972 2.0E26 green green.gif
-194500000000 0 0 -55555.1556683694 2.0E26 green green.gif
-195000000000 0 0 -55483.8853944236 2.0E26 green green.gif
-195500000000 0 0 -55412.8887109679 2.0E26 green green.gif
-196000000000 0 0 -55342.1638720498 2.0E26 green green.gif
-196500000000 0 0 -55271.7091472759 2.0E26 green green.gif
-197000000000 0 0 -55201.5228216342 2.0E26 green green.gif
-197500000000 0 0 -55131.6031953187 2.0E26 green green.gif
-198000000000 0 0 -55061.9485835561 2.0E26 green green.gif
-198500000000 0 0 -54992.5573164361 2.0E26 green green.gif
-199000000000 0 0 -54923.4277387424 2.0E26 green green.gif
-199500000000 0 0 -54854.5582097876 2.0E26 green green.gif
-200000000000 0 0 -54785.947103249 2.0E26 green green.gif
-200500000000 0 0 -54717.5928070078 2.0E26 green green.gif
-201000000000 0 0 -54649.4937229898 2.0E26 green green.gif
-201500000000 0 0 -54581.6482670084 2.0E26 green green.gif
-202000000000 0 0 -54514.05486861 2.0E26 green green.gif
-202500000000 0 0 -54446.7119709211 2.0E26 green green.gif
-203000000000 0 0 -54379.6180304979 2.0E26 green green.gif
-203500000000 0 0 -54312.7715171777 2.0E26 green green.gif
-204000000000 0 0 -54246.170913932 2.0E26 green green.gif
-204500000000 0 0 -54179.8147167225 2.0E26 green green.gif
-205000000000 0 0 -54113.7014343579 2.0E26 green green.gif
-205500000000 0 0 -54047.8295883533 2.0E26 green green.gif
-206000000000 0 0 -53982.1977127915 2.0E26 green green.gif
-206500000000 0 0 -53916.8043541858 2.0E26 green green.gif
-207000000000 0 0 -53851.648071345 2.0E26 green green.gif
-207500000000 0 0 -53786.7274352397 2.0E26 green green.gif
-208000000000 0 0 -53722.0410288709 2.0E26 green green.gif
-208500000000 0 0 -53657.58744714 2.0E26 green green.gif
-209000000000 0 0 -53593.3652967207 2.0E26 green green.gif
-209500000000 0 0 -53529.3731959323 2.0E26 green green.gif
-210000000000 0 0 -53465.6097746152 2.0E26 green green.gif
-210500000000 0 0 -53402.0736740071 2.0E26 green green.gif
-211000000000 0 0 -53338.7635466221 2.0E26 green green.gif
-211500000000 0 0 -53275.6780561301 2.0E26 green green.gif
-212000000000 0 0 -53212.8158772386 2.0E26 green green.gif
-212500000000 0 0 -53150.1756955759 2.0E26 green green.gif
-213000000000 0 0 -53087.7562075751 2.0E26 green green.gif
-213500000000 0 0 -53025.5561203608 2.0E26 green green.gif
-214000000000 0 0 -52963.5741516364 2.0E26 green green.gif
-214500000000 0 0 -52901.8090295728 2.0E26 green green.gif
-215000000000 0 0 -52840.2594926994 2.0E26 green green.gif
-215500000000 0 0 -52778.9242897952 2.0E26 green green.gif
-216000000000 0 0 -52717.8021797823 2.0E26 green green.gif
-216500000000 0 0 -52656.8919316207 2.0E26 green green.gif
-217000000000 0 0 -52596.1923242035 2.0E26 green green.gif
-217500000000 0 0 -52535.7021462547 2.0E26 green green.gif
-218000000000 0 0 -52475.4201962275 2.0E26 green green.gif
-218500000000 0 0 -52415.3452822036 2.0E26 green green.gif
-219000000000 0 0 -52355.4762217951 2.0E26 green green.gif
-219500000000 0 0 -52295.811842046 2.0E26 green green.gif
-220000000000 0 0 -52236.3509793358 2.0E26 green green.gif
-220500000000 0 0 -52177.0924792847 2.0E26 green green.gif
-221000000000 0 0 -52118.0351966589 2.0E26 green green.gif
-221500000000 0 0 -52059.1779952778 2.0E26 green green.gif
-222000000000 0 0 -52000.5197479222 2.0E26 green green.gif
-222500000000 0 0 -51942.0593362439 2.0E26 green green.gif
-223000000000 0 0 -51883.7956506757 2.0E26 green green.gif
-223500000000 0 0 -51825.7275903431 2.0E26 green green.gif
-224000000000 0 0 -51767.8540629772 2.0E26 green green.gif
-224500000000 0 0 -51710.1739848281 2.0E26 green green.gif
-225000000000 0 0 -51652.6862805798 2.0E26 green green.gif
-225500000000 0 0 -51595.3898832658 2.0E26 green green.gif
-226000000000 0 0 -51538.2837341862 2.0E26 green green.gif
-226500000000 0 0 -51481.3667828255 2.0E26 green green.gif
-227000000000 0 0 -51424.6379867713 2.0E26 green green.gif
-227500000000 0 0 -51368.0963116341 2.0E26 green green.gif
-228000000000 0 0 -51311.7407309682 2.0E26 green green.gif
-228500000000 0 0 -51255.5702261935 2.0E26 green green.gif
-229000000000 0 0 -51199.5837865178 2.0E26 green green.gif
-229500000000 0 0 -51143.780408861 2.0E26 green green.gif
-230000000000 0 0 -51088.1590977792 2.0E26 green green.gif
-230500000000 0 0 -51032.7188653899 2.0E26 green green.gif
-231000000000 0 0 -50977.458731299 2.0E26 green green.gif
-231500000000 0 0 -50922.3777225275 2.0E26 green green.gif
-232000000000 0 0 -50867.4748734395 2.0E26 green green.gif
-232500000000 0 0 -50812.7492256713 2.0E26 green green.gif
-233000000000 0 0 -50758.1998280613 2.0E26 green green.gif
-233500000000 0 0 -50703.8257365801 2.0E26 green green.gif
-234000000000 0 0 -50649.626014262 2.0E26 green green.gif
-234500000000 0 0 -50595.5997311378 2.0E26 green green.gif
-235000000000 0 0 -50541.7459641669 2.0E26 green green.gif
-235500000000 0 0 -50488.0637971715 2.0E26 green green.gif
-236000000000 0 0 -50434.5523207712 2.0E26 green green.gif
-236500000000 0 0 -50381.2106323182 2.0E26 green green.gif
-237000000000 0 0 -50328.0378358332 2.0E26 green green.gif
-237500000000 0 0 -50275.0330419426 2.0E26 green green.gif
-238000000000 0 0 -50222.1953678154 2.0E26 green green.gif
-238500000000 0 0 -50169.5239371022 2.0E26 green green.gif
-239000000000 0 0 -50117.0178798733 2.0E26 green green.gif
-239500000000 0 0 -50064.6763325593 2.0E26 green green.gif

Creator of universe: Matt Tilghman, COS 126, Spring 2006

Spiral formation of a galaxy slowly change into more of a cluster
from the inside-out. 
