1000
2.5E11
-154276385697 -106978589893 0 0 2E+24 red red.gif
-179150718225 167422289502 0 0 2E+24 red red.gif
-197001838576 -26454205719 0 0 2E+24 red red.gif
147304266968 237697244983 0 0 2E+24 red red.gif
-46466621519 -245086900043 0 0 2E+24 red red.gif
-243066321130 180251215575 0 0 2E+24 red red.gif
50325796127 160567873998 0 0 2E+24 red red.gif
-24262650198 231534923911 0 0 2E+24 red red.gif
-14316606608 85977072706 0 0 2E+24 red red.gif
8185329451 -22365617044 0 0 2E+24 red red.gif
157443388332 -42272604938 0 0 2E+24 red red.gif
176288795831 -15717692623 0 0 2E+24 red red.gif
-208627853404 -33018299052 0 0 2E+24 red red.gif
-69396029136 15879984710 0 0 2E+24 red red.gif
-113361789575 -187566045181 0 0 2E+24 red red.gif
148262828656 240013922740 0 0 2E+24 red red.gif
-240337625801 -166060113012 0 0 2E+24 red red.gif
152575360134 4352965800 0 0 2E+24 red red.gif
-2076397088 -163128862941 0 0 2E+24 red red.gif
61891321963 63828938694 0 0 2E+24 red red.gif
62425650800 -31035214392 0 0 2E+24 red red.gif
-133984729119 129688727083 0 0 2E+24 red red.gif
241306664360 181348401770 0 0 2E+24 red red.gif
95618138955 -81779161990 0 0 2E+24 red red.gif
111116563330 -130841309428 0 0 2E+24 red red.gif
-26822887950 238381388113 0 0 2E+24 red red.gif
193020122784 -24303865003 0 0 2E+24 red red.gif
-162290138890 74660233885 0 0 2E+24 red red.gif
-57154337428 -41361855554 0 0 2E+24 red red.gif
-185031265320 -22360274299 0 0 2E+24 red red.gif
-186458878691 54051187896 0 0 2E+24 red red.gif
-249843003228 -239081145322 0 0 2E+24 red red.gif
111084032100 50693196538 0 0 2E+24 red red.gif
242268250598 43329693614 0 0 2E+24 red red.gif
97895699684 65587354085 0 0 2E+24 red red.gif
73787509174 -148599077608 0 0 2E+24 red red.gif
-93179738856 -75402284495 0 0 2E+24 red red.gif
-157001821570 -26626509652 0 0 2E+24 red red.gif
-177951684870 226576958790 0 0 2E+24 red red.gif
-199903999794 205111389184 0 0 2E+24 red red.gif
-122895974759 -145267256889 0 0 2E+24 red red.gif
204611868574 -144849573928 0 0 2E+24 red red.gif
163101640633 -112372932029 0 0 2E+24 red red.gif
-152500835418 -56121159335 0 0 2E+24 red red.gif
139648874584 -81545965300 0 0 2E+24 red red.gif
174165835181 -113753835544 0 0 2E+24 red red.gif
-114417318596 -225984309814 0 0 2E+24 red red.gif
-142439809428 42064235252 0 0 2E+24 red red.gif
-85470160062 -86470406696 0 0 2E+24 red red.gif
176295676854 -60677783511 0 0 2E+24 red red.gif
-158733046473 206760379174 0 0 2E+24 red red.gif
70181635738 68224712448 0 0 2E+24 red red.gif
7000058101 235992653750 0 0 2E+24 red red.gif
-236816535634 133928733902 0 0 2E+24 red red.gif
225793310954 -172616156374 0 0 2E+24 red red.gif
45848522724 -220934807516 0 0 2E+24 red red.gif
179063623632 104899800896 0 0 2E+24 red red.gif
199998332221 -89240852775 0 0 2E+24 red red.gif
-128252272455 -169702123364 0 0 2E+24 red red.gif
77710288250 16498689787 0 0 2E+24 red red.gif
-58319665981 71753785172 0 0 2E+24 red red.gif
34312086864 237146120476 0 0 2E+24 red red.gif
-165054762465 -46690669592 0 0 2E+24 red red.gif
-23377581252 -250558349 0 0 2E+24 red red.gif
-215658759133 -180755107959 0 0 2E+24 red red.gif
-241364155761 -153475915197 0 0 2E+24 red red.gif
148314826454 -11041388816 0 0 2E+24 red red.gif
18225358739 136171543372 0 0 2E+24 red red.gif
234242121691 -163515720758 0 0 2E+24 red red.gif
-148506648213 -170865718073 0 0 2E+24 red red.gif
-123906894805 -142766731870 0 0 2E+24 red red.gif
212720655693 -103181373014 0 0 2E+24 red red.gif
-96604653540 156047404963 0 0 2E+24 red red.gif
174341228479 -53575869718 0 0 2E+24 red red.gif
-41935787 -176343547673 0 0 2E+24 red red.gif
195211048942 115788772615 0 0 2E+24 red red.gif
-161241093280 -48085027383 0 0 2E+24 red red.gif
-90834233454 237393494476 0 0 2E+24 red red.gif
208285344644 -244168290323 0 0 2E+24 red red.gif
-62696569956 -224018042169 0 0 2E+24 red red.gif
37824617813 -73206585950 0 0 2E+24 red red.gif
-55269424794 -178433811056 0 0 2E+24 red red.gif
-160115092531 -113767011418 0 0 2E+24 red red.gif
149130493359 -61854360428 0 0 2E+24 red red.gif
-69904266324 62316681127 0 0 2E+24 red red.gif
-141781147753 -219684160902 0 0 2E+24 red red.gif
54376989840 -110639510881 0 0 2E+24 red red.gif
175029024689 -45052676548 0 0 2E+24 red red.gif
-46502384804 -33724818559 0 0 2E+24 red red.gif
-106591436961 115950975826 0 0 2E+24 red red.gif
-237208040010 187340105536 0 0 2E+24 red red.gif
-114180177765 -12698614068 0 0 2E+24 red red.gif
74003279659 227287835494 0 0 2E+24 red red.gif
106538347918 46265145722 0 0 2E+24 red red.gif
-45970687445 -230373691492 0 0 2E+24 red red.gif
35966066357 106290521032 0 0 2E+24 red red.gif
206619017948 -120772911533 0 0 2E+24 red red.gif
136666620210 -208816619382 0 0 2E+24 red red.gif
-204512797148 -50324726574 0 0 2E+24 red red.gif
-215155642781 -79239388905 0 0 2E+24 red red.gif
-3636574721 -214773053222 0 0 2E+24 red red.gif
-141404388683 47687398005 0 0 2E+24 red red.gif
-230525776427 -115712920346 0 0 2E+24 red red.gif
77944370883 218030907315 0 0 2E+24 red red.gif
-191013372837 -25752080739 0 0 2E+24 red red.gif
-6673099270 29377474930 0 0 2E+24 red red.gif
130941256627 -150227146433 0 0 2E+24 red red.gif
-153979939099 43150074305 0 0 2E+24 red red.gif
62914636304 201942993442 0 0 2E+24 red red.gif
83534365900 -232170165797 0 0 2E+24 red red.gif
136621875338 203184864661 0 0 2E+24 red red.gif
8047829938 -29258660794 0 0 2E+24 red red.gif
206267132444 -238037354823 0 0 2E+24 red red.gif
89685013660 -165665806541 0 0 2E+24 red red.gif
-199154364367 156554347349 0 0 2E+24 red red.gif
57303422884 42718939818 0 0 2E+24 red red.gif
205785195443 -156143079428 0 0 2E+24 red red.gif
226207803848 242646765438 0 0 2E+24 red red.gif
-120910790184 -42585715993 0 0 2E+24 red red.gif
68952101879 -44979230298 0 0 2E+24 red red.gif
-131881179088 19376868017 0 0 2E+24 red red.gif
36504877632 36069886412 0 0 2E+24 red red.gif
-133243691055 -200159158742 0 0 2E+24 red red.gif
-207747115058 76990694562 0 0 2E+24 red red.gif
158162385194 240247257451 0 0 2E+24 red red.gif
100619392182 -54529671769 0 0 2E+24 red red.gif
27727949718 -213170223055 0 0 2E+24 red red.gif
80810489585 -221842557340 0 0 2E+24 red red.gif
-86010680801 47376970117 0 0 2E+24 red red.gif
180018612756 28773763518 0 0 2E+24 red red.gif
-165099465517 27030724411 0 0 2E+24 red red.gif
-229735105198 -181105313523 0 0 2E+24 red red.gif
-16574163681 23993099911 0 0 2E+24 red red.gif
30220224232 -132975773846 0 0 2E+24 red red.gif
213229862527 -23305443083 0 0 2E+24 red red.gif
234391024973 233810959661 0 0 2E+24 red red.gif
-176583486907 -126670837177 0 0 2E+24 red red.gif
53884748940 197272467970 0 0 2E+24 red red.gif
124725128151 -68854153675 0 0 2E+24 red red.gif
237787784217 199705658279 0 0 2E+24 red red.gif
10073064634 -134732473013 0 0 2E+24 red red.gif
-75483770042 -191641370969 0 0 2E+24 red red.gif
-175612424322 129174695183 0 0 2E+24 red red.gif
-143832151234 -166458818893 0 0 2E+24 red red.gif
-95339230914 -224269447803 0 0 2E+24 red red.gif
-215942236675 112079819254 0 0 2E+24 red red.gif
46264383945 -241550856986 0 0 2E+24 red red.gif
153716519902 210119168953 0 0 2E+24 red red.gif
-91234607957 -162365424636 0 0 2E+24 red red.gif
106438418925 29284340409 0 0 2E+24 red red.gif
-50410925897 240381186553 0 0 2E+24 red red.gif
-8929845197 124012283234 0 0 2E+24 red red.gif
-179503393791 132865312869 0 0 2E+24 red red.gif
-176477867261 198109937131 0 0 2E+24 red red.gif
-133594383011 28836984831 0 0 2E+24 red red.gif
-212828488156 245791199511 0 0 2E+24 red red.gif
-227177632343 -218997117882 0 0 2E+24 red red.gif
-170070958960 19884316067 0 0 2E+24 red red.gif
244123916319 -221336752129 0 0 2E+24 red red.gif
-226408387642 -161300152513 0 0 2E+24 red red.gif
94991834382 222419092637 0 0 2E+24 red red.gif
18844044249 207131767104 0 0 2E+24 red red.gif
169130601328 127209285274 0 0 2E+24 red red.gif
-239135468765 108669928426 0 0 2E+24 red red.gif
188492747080 -149110802525 0 0 2E+24 red red.gif
52197051203 -212319188087 0 0 2E+24 red red.gif
-9120658737 -15143957857 0 0 2E+24 red red.gif
182963643820 57929426886 0 0 2E+24 red red.gif
150102475304 224004861660 0 0 2E+24 red red.gif
135493819334 -50956776649 0 0 2E+24 red red.gif
-160189054814 149020486388 0 0 2E+24 red red.gif
198255015704 -99552104954 0 0 2E+24 red red.gif
-93669723931 68444740249 0 0 2E+24 red red.gif
150095818824 178036001896 0 0 2E+24 red red.gif
247004432451 240185777199 0 0 2E+24 red red.gif
-96904592150 176074387595 0 0 2E+24 red red.gif
45911411317 -198446816462 0 0 2E+24 red red.gif
93892205945 -137956996993 0 0 2E+24 red red.gif
128635507904 -91785350053 0 0 2E+24 red red.gif
-242300360988 169462696611 0 0 2E+24 red red.gif
-149997696835 -189302234671 0 0 2E+24 red red.gif
-104923699253 -129635450841 0 0 2E+24 red red.gif
94120403602 -27464527619 0 0 2E+24 red red.gif
132983876545 99741325035 0 0 2E+24 red red.gif
223338955350 -232479814533 0 0 2E+24 red red.gif
-206866260762 126778269121 0 0 2E+24 red red.gif
-126751916206 140747609864 0 0 2E+24 red red.gif
-38201424386 -202625797543 0 0 2E+24 green green.gif
-176140662916 -194534836864 0 0 2E+24 green green.gif
126168815980 -182264069891 0 0 2E+24 green green.gif
134655153698 196774383128 0 0 2E+24 green green.gif
-181703087387 225771266269 0 0 2E+24 green green.gif
173153522053 -44133806409 0 0 2E+24 green green.gif
24340150179 154546252460 0 0 2E+24 green green.gif
85673349098 61899500688 0 0 2E+24 green green.gif
-144858740995 236946576347 0 0 2E+24 green green.gif
-94406176939 -179613520961 0 0 2E+24 green green.gif
185446406049 22444834425 0 0 2E+24 green green.gif
1880189147 -90145678959 0 0 2E+24 green green.gif
-100167350603 -127115492782 0 0 2E+24 green green.gif
80110410706 55758344264 0 0 2E+24 green green.gif
100597071222 -95372056585 0 0 2E+24 green green.gif
233609360607 60580658632 0 0 2E+24 green green.gif
148655038202 -162736831298 0 0 2E+24 green green.gif
135316034162 -139466682060 0 0 2E+24 green green.gif
-194576816103 165127705167 0 0 2E+24 green green.gif
-223771905462 186375922663 0 0 2E+24 green green.gif
-200441871805 -34202520999 0 0 2E+24 green green.gif
116046958235 -217049851485 0 0 2E+24 green green.gif
-44572881155 110832047110 0 0 2E+24 green green.gif
171164508996 -61165987456 0 0 2E+24 green green.gif
133759728718 117702297766 0 0 2E+24 green green.gif
237375407617 -185952660505 0 0 2E+24 green green.gif
-237159624256 230003559493 0 0 2E+24 green green.gif
-174531316809 -54671981144 0 0 2E+24 green green.gif
-10069500584 -104360340421 0 0 2E+24 green green.gif
180762024485 -109208839745 0 0 2E+24 green green.gif
86752441971 122327145713 0 0 2E+24 green green.gif
-200882713762 229737203384 0 0 2E+24 green green.gif
-225468869196 -22997724248 0 0 2E+24 green green.gif
236255322787 110259961890 0 0 2E+24 green green.gif
238293715857 -106182857050 0 0 2E+24 green green.gif
211321804102 -16296763756 0 0 2E+24 green green.gif
117203745773 105498623255 0 0 2E+24 green green.gif
14508116520 147819915479 0 0 2E+24 green green.gif
-151700061036 188840431057 0 0 2E+24 green green.gif
159776825995 -248092558370 0 0 2E+24 green green.gif
11076790742 -51256431375 0 0 2E+24 green green.gif
-47130479573 79746826921 0 0 2E+24 green green.gif
-53845224268 71062688247 0 0 2E+24 green green.gif
-69914866089 -2307095618 0 0 2E+24 green green.gif
-225575836751 74921367142 0 0 2E+24 green green.gif
230924117833 33893319114 0 0 2E+24 green green.gif
215402228540 145300962749 0 0 2E+24 green green.gif
-203477598725 183812300165 0 0 2E+24 green green.gif
-67673037545 239576374800 0 0 2E+24 green green.gif
-7411747014 -169229770019 0 0 2E+24 green green.gif
224239742351 133066223418 0 0 2E+24 green green.gif
-120145021053 -62835521668 0 0 2E+24 green green.gif
144817666083 2200144988 0 0 2E+24 green green.gif
-55763126672 31805359911 0 0 2E+24 green green.gif
-222852553145 76005632322 0 0 2E+24 green green.gif
-166899964289 66089522852 0 0 2E+24 green green.gif
101444078775 -88478350790 0 0 2E+24 green green.gif
-38677742434 81562616111 0 0 2E+24 green green.gif
-102321352047 -56495251263 0 0 2E+24 green green.gif
71918166365 164124554057 0 0 2E+24 green green.gif
-138727889472 108270794734 0 0 2E+24 green green.gif
-210440348129 16348683903 0 0 2E+24 green green.gif
-168168913463 163385993494 0 0 2E+24 green green.gif
-147245740018 -234921016963 0 0 2E+24 green green.gif
-57946366281 194673779849 0 0 2E+24 green green.gif
-229007228300 12904327108 0 0 2E+24 green green.gif
-143561929466 -22059806228 0 0 2E+24 green green.gif
228893276662 10870548453 0 0 2E+24 green green.gif
52617625404 111051734307 0 0 2E+24 green green.gif
-239884318631 -132228312922 0 0 2E+24 green green.gif
87662983427 51453978926 0 0 2E+24 green green.gif
-217726707309 55769935501 0 0 2E+24 green green.gif
218499833572 41632961810 0 0 2E+24 green green.gif
20715620204 -169551518938 0 0 2E+24 green green.gif
-89049405633 -80053500029 0 0 2E+24 green green.gif
37199188586 -41465681108 0 0 2E+24 green green.gif
172408282021 44051749871 0 0 2E+24 green green.gif
-89785158492 61584668944 0 0 2E+24 green green.gif
95682491695 179004786461 0 0 2E+24 green green.gif
111025584085 107366729622 0 0 2E+24 green green.gif
-231671048356 159995472241 0 0 2E+24 green green.gif
65027567190 -148753454446 0 0 2E+24 green green.gif
115304113073 -248592233711 0 0 2E+24 green green.gif
-53570785219 -218279343758 0 0 2E+24 green green.gif
-169092031425 218074754760 0 0 2E+24 green green.gif
97811705398 111667890170 0 0 2E+24 green green.gif
166835083534 162654876999 0 0 2E+24 green green.gif
-99934061422 -220324085049 0 0 2E+24 green green.gif
-229796356087 -115770127399 0 0 2E+24 green green.gif
5483002499 53927228837 0 0 2E+24 green green.gif
-127556044662 -20434274982 0 0 2E+24 green green.gif
33208832701 129943959777 0 0 2E+24 green green.gif
-24016120183 249849594879 0 0 2E+24 green green.gif
65472892299 -131365218314 0 0 2E+24 green green.gif
150163447560 -65206599464 0 0 2E+24 green green.gif
161389471155 -236481828555 0 0 2E+24 green green.gif
-44548724084 -126732595049 0 0 2E+24 green green.gif
-33050876908 156982268880 0 0 2E+24 green green.gif
-239158804777 -231605473738 0 0 2E+24 green green.gif
72115218379 141566046560 0 0 2E+24 green green.gif
-106389494284 206412911169 0 0 2E+24 green green.gif
-216417872413 -199596616863 0 0 2E+24 green green.gif
74066199220 -33475026118 0 0 2E+24 green green.gif
-187588770127 223367924771 0 0 2E+24 green green.gif
-203550604852 245134567715 0 0 2E+24 green green.gif
144927756888 -85388125027 0 0 2E+24 green green.gif
147080093605 -133118860748 0 0 2E+24 green green.gif
81236598740 -189061607451 0 0 2E+24 green green.gif
123687347391 39073503722 0 0 2E+24 green green.gif
104610834285 6929239417 0 0 2E+24 green green.gif
-222422651867 30682115408 0 0 2E+24 green green.gif
35749847586 225423874039 0 0 2E+24 green green.gif
-169948485161 -115043985317 0 0 2E+24 green green.gif
235231851763 -55416810580 0 0 2E+24 green green.gif
-226182157287 -148210692067 0 0 2E+24 green green.gif
234949745538 -45548215917 0 0 2E+24 green green.gif
11873538324 105785913845 0 0 2E+24 green green.gif
-97717396108 -153947326998 0 0 2E+24 green green.gif
-216380353194 84985353477 0 0 2E+24 green green.gif
-606680390 -140686398403 0 0 2E+24 green green.gif
-100743712535 -212343935540 0 0 2E+24 green green.gif
-17655099872 27554833229 0 0 2E+24 green green.gif
137569809923 -172514619806 0 0 2E+24 green green.gif
161493496222 246196568935 0 0 2E+24 green green.gif
243142394243 205761724534 0 0 2E+24 green green.gif
-5540446617 172413791217 0 0 2E+24 green green.gif
-208815067863 -19570801563 0 0 2E+24 green green.gif
17324886750 86635264980 0 0 2E+24 green green.gif
221323215258 -78313285476 0 0 2E+24 green green.gif
207791325525 -57679428227 0 0 2E+24 green green.gif
95773307444 -149596115135 0 0 2E+24 green green.gif
-232083393823 -81063294568 0 0 2E+24 green green.gif
-172240986215 175146418599 0 0 2E+24 green green.gif
-226421244086 -183611798001 0 0 2E+24 green green.gif
-211605389770 -175028023828 0 0 2E+24 green green.gif
-144312674719 -25460343878 0 0 2E+24 green green.gif
-184461975520 225110391228 0 0 2E+24 green green.gif
-195154043636 26425346875 0 0 2E+24 green green.gif
-232417016500 -29268753397 0 0 2E+24 green green.gif
-140022044515 -148899488047 0 0 2E+24 green green.gif
135384232772 217590060198 0 0 2E+24 green green.gif
93466852695 54996592418 0 0 2E+24 green green.gif
-86606622688 -42392119252 0 0 2E+24 green green.gif
14563679204 97555624233 0 0 2E+24 green green.gif
-51169197687 -29634331098 0 0 2E+24 green green.gif
-189089263801 -223393270098 0 0 2E+24 green green.gif
-82148806798 -91114394053 0 0 2E+24 green green.gif
-50422663581 -114508464916 0 0 2E+24 green green.gif
198007759856 -231460044317 0 0 2E+24 green green.gif
86360895719 -48258673943 0 0 2E+24 green green.gif
-184970706276 112899121225 0 0 2E+24 green green.gif
-59547498340 15862024483 0 0 2E+24 green green.gif
-117549920995 -140956171951 0 0 2E+24 green green.gif
-206113126126 -71485065693 0 0 2E+24 green green.gif
138746135481 9370907411 0 0 2E+24 green green.gif
-232705225955 -149577579858 0 0 2E+24 green green.gif
127413904437 -182916697534 0 0 2E+24 green green.gif
208963726271 67323202341 0 0 2E+24 green green.gif
-109726543458 -18953572984 0 0 2E+24 green green.gif
249515972387 -136790680704 0 0 2E+24 green green.gif
-172104094315 -166995376390 0 0 2E+24 green green.gif
-86129651760 80164542775 0 0 2E+24 green green.gif
-231538807458 239583323480 0 0 2E+24 green green.gif
122616743964 -121024965301 0 0 2E+24 green green.gif
117882847547 234168060024 0 0 2E+24 green green.gif
-58638213849 168191388614 0 0 2E+24 green green.gif
-99667824560 -6423948626 0 0 2E+24 green green.gif
166678581839 202694042822 0 0 2E+24 green green.gif
145315121682 213159263689 0 0 2E+24 green green.gif
146499153348 48571009174 0 0 2E+24 green green.gif
111468343883 126148322655 0 0 2E+24 green green.gif
-120572808859 247089941151 0 0 2E+24 green green.gif
129830654224 -218969974302 0 0 2E+24 green green.gif
187633700053 184879805904 0 0 2E+24 green green.gif
92404975585 -210278712203 0 0 2E+24 green green.gif
10655058049 -66410956964 0 0 2E+24 green green.gif
-57438127080 -97751220280 0 0 2E+24 green green.gif
-220719827302 -225974846179 0 0 2E+24 green green.gif
149768960927 146366274348 0 0 2E+24 green green.gif
-60658416504 76188331139 0 0 2E+24 green green.gif
-24908869148 96654502139 0 0 2E+24 green green.gif
51977581950 -202917046898 0 0 2E+24 green green.gif
79041447676 -56423253050 0 0 2E+24 green green.gif
179985156099 157432864801 0 0 2E+24 green green.gif
-141873428497 12945792195 0 0 2E+24 green green.gif
-82775987397 211458656369 0 0 2E+24 green green.gif
59595066691 217344820513 0 0 2E+24 green green.gif
-249537861138 -128970448609 0 0 2E+24 green green.gif
149542610478 88100311786 0 0 2E+24 green green.gif
-210814681794 147424402047 0 0 2E+24 green green.gif
-147949861497 157103434985 0 0 2E+24 green green.gif
220153758988 36581251632 0 0 2E+24 green green.gif
-63863653102 -92392016680 0 0 2E+24 green green.gif
-140884268348 -226646209119 0 0 2E+24 green green.gif
-26985920320 50396238377 0 0 2E+24 green green.gif
-15867701194 -11492632688 0 0 2E+24 green green.gif
-116217092577 -227485339255 0 0 2E+24 green green.gif
-146708126579 -189128928815 0 0 2E+24 green green.gif
-67087486660 249062795170 0 0 2E+24 green green.gif
176874293517 -196576105164 0 0 2E+24 green green.gif
126630219786 -238988723025 0 0 2E+24 green green.gif
-169250252076 13650455880 0 0 2E+24 green green.gif
48890301498 -236722299928 0 0 2E+24 green green.gif
147268591665 -241911947077 0 0 2E+24 green green.gif
7555401278 244666693130 0 0 2E+24 green green.gif
93227763688 -228253731825 0 0 2E+24 green green.gif
-213344797841 -105042182956 0 0 2E+24 green green.gif
65613563503 203469687156 0 0 2E+24 green green.gif
69311993130 -117609152606 0 0 2E+24 green green.gif
186456939157 -132896334342 0 0 2E+24 green green.gif
42656215816 -232147253368 0 0 2E+24 green green.gif
22847984343 99593487003 0 0 2E+24 green green.gif
-151370407836 68827996059 0 0 2E+24 green green.gif
-230697141252 -214705148787 0 0 2E+24 green green.gif
-248866368233 198059371278 0 0 2E+24 green green.gif
-87563783713 -219496602769 0 0 2E+24 green green.gif
-56015919656 158118161788 0 0 2E+24 green green.gif
-184747845814 -116455470428 0 0 2E+24 green green.gif
189346705451 75752027467 0 0 2E+24 green green.gif
-43871026731 109032265794 0 0 2E+24 green green.gif
11838994223 18828198172 0 0 2E+24 green green.gif
189349579510 125753443587 0 0 2E+24 green green.gif
-141319867083 -203404129279 0 0 2E+24 green green.gif
-53753133385 37017070467 0 0 2E+24 green green.gif
-204134634302 101342107573 0 0 2E+24 green green.gif
112930124805 21498045821 0 0 2E+24 green green.gif
-160650651681 -210388597018 0 0 2E+24 green green.gif
129184346421 208182112720 0 0 2E+24 green green.gif
8979690601 215113657317 0 0 2E+24 green green.gif
-111646351336 -152121041882 0 0 2E+24 green green.gif
52069710172 -162815625128 0 0 2E+24 green green.gif
147508090132 128119225332 0 0 2E+24 green green.gif
-131003746488 119922361004 0 0 2E+24 green green.gif
6438119260 190610591104 0 0 2E+24 green green.gif
-88676089807 172465576936 0 0 2E+24 green green.gif
91323855641 78626673696 0 0 2E+24 green green.gif
-164727355879 -167362459526 0 0 2E+24 green green.gif
-99599460877 -186111578151 0 0 2E+24 green green.gif
-78243499750 -230418728260 0 0 2E+24 green green.gif
-16487648444 -127875113810 0 0 2E+24 green green.gif
105933893231 238983096273 0 0 2E+24 green green.gif
141853173828 -142659563586 0 0 2E+24 green green.gif
-148255883203 -187124617728 0 0 2E+24 green green.gif
-62015063972 225949594788 0 0 2E+24 green green.gif
213092755365 178409228258 0 0 2E+24 green green.gif
-203234315138 -137236623713 0 0 2E+24 green green.gif
216334207211 42830687883 0 0 2E+24 green green.gif
-214713998468 -13970295764 0 0 2E+24 green green.gif
96940979106 139415247784 0 0 2E+24 green green.gif
-27707663196 153364248587 0 0 2E+24 green green.gif
-84485061337 28366816254 0 0 2E+24 green green.gif
155669573815 144789421548 0 0 2E+24 green green.gif
-151332010411 62531388002 0 0 2E+24 green green.gif
-211023367582 123871877067 0 0 2E+24 green green.gif
3173402364 -92111295288 0 0 2E+24 green green.gif
-153796499636 79071241150 0 0 2E+24 green green.gif
-113129070997 -1344713189 0 0 2E+24 green green.gif
107083794885 51152889216 0 0 2E+24 green green.gif
207118348341 -225240002940 0 0 2E+24 green green.gif
-224494626179 180458093855 0 0 2E+24 green green.gif
172451538141 11552577023 0 0 2E+24 green green.gif
-179324731578 101861215629 0 0 2E+24 green green.gif
-18810884879 156801543021 0 0 2E+24 green green.gif
-52610016005 62580529218 0 0 2E+24 green green.gif
172952829903 245068818386 0 0 2E+24 green green.gif
-91472851374 -203830630003 0 0 2E+24 green green.gif
46740824347 -46033918214 0 0 2E+24 green green.gif
103009132787 -192173718707 0 0 2E+24 green green.gif
158870220298 -2036194258 0 0 2E+24 green green.gif
197108171027 -215225415798 0 0 2E+24 green green.gif
72691539313 -246484180107 0 0 2E+24 green green.gif
139990222414 -240672998846 0 0 2E+24 green green.gif
51679055192 -37732984492 0 0 2E+24 green green.gif
-52429080697 -89857578604 0 0 2E+24 green green.gif
-149164337944 137830440954 0 0 2E+24 green green.gif
-83369205423 173178746397 0 0 2E+24 green green.gif
-53847763515 -15333141093 0 0 2E+24 green green.gif
-73926730980 152344683757 0 0 2E+24 green green.gif
46273173178 -63600978659 0 0 2E+24 green green.gif
239382223691 120559981612 0 0 2E+24 green green.gif
97998959947 -195316023276 0 0 2E+24 green green.gif
54735430936 204868507598 0 0 2E+24 green green.gif
-158426786826 -149400105235 0 0 2E+24 green green.gif
152656171812 -130257246445 0 0 2E+24 green green.gif
101937393124 208242800899 0 0 2E+24 green green.gif
69151009244 86417470136 0 0 2E+24 green green.gif
47685474593 -2451708900 0 0 2E+24 green green.gif
111413552432 83949867125 0 0 2E+24 green green.gif
185021384206 -89256688983 0 0 2E+24 green green.gif
-172390816692 -129004430424 0 0 2E+24 green green.gif
24632199658 177592615420 0 0 2E+24 green green.gif
219046350884 42592766782 0 0 2E+24 green green.gif
5372898864 249848593735 0 0 2E+24 yellow yellow.gif
27047914354 -189540824128 0 0 2E+24 yellow yellow.gif
40658100127 68965690081 0 0 2E+24 yellow yellow.gif
-44261626275 230632048659 0 0 2E+24 yellow yellow.gif
77429545524 -75058139037 0 0 2E+24 yellow yellow.gif
81246766629 -168758398822 0 0 2E+24 yellow yellow.gif
-214802327 92648303284 0 0 2E+24 yellow yellow.gif
205792027066 43634383376 0 0 2E+24 yellow yellow.gif
-58602091632 67569996711 0 0 2E+24 yellow yellow.gif
-192119041232 110099709773 0 0 2E+24 yellow yellow.gif
-215386067526 -129321984226 0 0 2E+24 yellow yellow.gif
-83666384534 24556737025 0 0 2E+24 yellow yellow.gif
-43188967807 -134821150515 0 0 2E+24 yellow yellow.gif
-147203376353 172501112804 0 0 2E+24 yellow yellow.gif
-206268506681 21937133190 0 0 2E+24 yellow yellow.gif
-115639123316 -17629160215 0 0 2E+24 yellow yellow.gif
127919909653 -210941059211 0 0 2E+24 yellow yellow.gif
-47769336501 211665493521 0 0 2E+24 yellow yellow.gif
101232975972 879347244 0 0 2E+24 yellow yellow.gif
-25727996911 42347845912 0 0 2E+24 yellow yellow.gif
162106318215 196658446819 0 0 2E+24 yellow yellow.gif
196686579494 96292695622 0 0 2E+24 yellow yellow.gif
29630275327 -213294537631 0 0 2E+24 yellow yellow.gif
13816000708 143155085154 0 0 2E+24 yellow yellow.gif
21586052912 188283423740 0 0 2E+24 yellow yellow.gif
-86208807611 -179344965152 0 0 2E+24 yellow yellow.gif
-193181731090 -26825606148 0 0 2E+24 yellow yellow.gif
202830542134 226874051838 0 0 2E+24 yellow yellow.gif
53378746111 98694024400 0 0 2E+24 yellow yellow.gif
131695411513 -47999203202 0 0 2E+24 yellow yellow.gif
-127212503149 192536360437 0 0 2E+24 yellow yellow.gif
96183706918 -135369460937 0 0 2E+24 yellow yellow.gif
-127147375098 -104781951636 0 0 2E+24 yellow yellow.gif
-180554653254 -52889833868 0 0 2E+24 yellow yellow.gif
-187583156093 -168999130779 0 0 2E+24 yellow yellow.gif
90012116980 -177264929744 0 0 2E+24 yellow yellow.gif
32109231021 35742103485 0 0 2E+24 yellow yellow.gif
226238494860 42364765905 0 0 2E+24 yellow yellow.gif
-183050639624 157703262123 0 0 2E+24 yellow yellow.gif
-151351346182 102063718923 0 0 2E+24 yellow yellow.gif
126055703440 12303439795 0 0 2E+24 yellow yellow.gif
157592916000 -230163845173 0 0 2E+24 yellow yellow.gif
18649060135 -205691176711 0 0 2E+24 yellow yellow.gif
-241441334285 -223133602459 0 0 2E+24 yellow yellow.gif
-123781341745 -131005842839 0 0 2E+24 yellow yellow.gif
-66804274654 15668346339 0 0 2E+24 yellow yellow.gif
655657283 -101805327204 0 0 2E+24 yellow yellow.gif
-214845484551 18271864725 0 0 2E+24 yellow yellow.gif
-114813829963 -63497495984 0 0 2E+24 yellow yellow.gif
68560232899 -83576083656 0 0 2E+24 yellow yellow.gif
-242800754455 18575284364 0 0 2E+24 yellow yellow.gif
38533901210 12465584132 0 0 2E+24 yellow yellow.gif
173021261264 -130145566268 0 0 2E+24 yellow yellow.gif
-89390218628 -215917234951 0 0 2E+24 yellow yellow.gif
-131893998219 -188011835867 0 0 2E+24 yellow yellow.gif
-75011686826 73848646017 0 0 2E+24 yellow yellow.gif
-208927821439 -189218202878 0 0 2E+24 yellow yellow.gif
35919104071 161027211691 0 0 2E+24 yellow yellow.gif
155920820140 171232199886 0 0 2E+24 yellow yellow.gif
-27446270855 109443128389 0 0 2E+24 yellow yellow.gif
-241687962114 121631844691 0 0 2E+24 yellow yellow.gif
189582818409 32616471468 0 0 2E+24 yellow yellow.gif
113992179565 -169848197679 0 0 2E+24 yellow yellow.gif
-229073571689 212391030376 0 0 2E+24 yellow yellow.gif
-219327738352 153846000993 0 0 2E+24 yellow yellow.gif
-97456577343 166848243014 0 0 2E+24 yellow yellow.gif
-70490882161 155585815483 0 0 2E+24 yellow yellow.gif
-41257499262 49601194284 0 0 2E+24 yellow yellow.gif
194791279500 -79225881237 0 0 2E+24 yellow yellow.gif
175699929800 8124712458 0 0 2E+24 yellow yellow.gif
-23250337922 127351026366 0 0 2E+24 yellow yellow.gif
-175479360847 -138569426662 0 0 2E+24 yellow yellow.gif
-175817883106 -158046221378 0 0 2E+24 yellow yellow.gif
-239768690268 25284503288 0 0 2E+24 yellow yellow.gif
222694843287 -62694343886 0 0 2E+24 yellow yellow.gif
-138506745377 -190256813425 0 0 2E+24 yellow yellow.gif
-51970613602 -86027641631 0 0 2E+24 yellow yellow.gif
95307128369 -97167935029 0 0 2E+24 yellow yellow.gif
69681406177 209339271619 0 0 2E+24 yellow yellow.gif
31102088173 94772168088 0 0 2E+24 yellow yellow.gif
-139341741725 241643015959 0 0 2E+24 yellow yellow.gif
-113278793272 -31309822194 0 0 2E+24 yellow yellow.gif
-242088421402 53561193000 0 0 2E+24 yellow yellow.gif
45109970134 210917442500 0 0 2E+24 yellow yellow.gif
43175152078 -167536042150 0 0 2E+24 yellow yellow.gif
122972387472 -228179039516 0 0 2E+24 yellow yellow.gif
64407165144 20010210816 0 0 2E+24 yellow yellow.gif
172081377693 -73056645341 0 0 2E+24 yellow yellow.gif
-222138369306 -82806444152 0 0 2E+24 yellow yellow.gif
28929709672 -241294796693 0 0 2E+24 yellow yellow.gif
164390131095 9884356408 0 0 2E+24 yellow yellow.gif
-89589912952 56997980465 0 0 2E+24 yellow yellow.gif
110610477410 -190137708247 0 0 2E+24 yellow yellow.gif
51457536957 48939505443 0 0 2E+24 yellow yellow.gif
166091285564 -164409954431 0 0 2E+24 yellow yellow.gif
-152876976074 -164542620294 0 0 2E+24 yellow yellow.gif
-92975697664 -38344274748 0 0 2E+24 yellow yellow.gif
-43760361748 -122894959735 0 0 2E+24 yellow yellow.gif
-9366933744 -105164010820 0 0 2E+24 yellow yellow.gif
139365325210 220805628136 0 0 2E+24 yellow yellow.gif
-146245149903 -105159012767 0 0 2E+24 yellow yellow.gif
-9470667103 -149418476248 0 0 2E+24 yellow yellow.gif
-55097765347 -161452312910 0 0 2E+24 yellow yellow.gif
-186227819201 231593065617 0 0 2E+24 yellow yellow.gif
128242433297 125272548971 0 0 2E+24 yellow yellow.gif
-167333843408 -228875702328 0 0 2E+24 yellow yellow.gif
27222518679 167554412238 0 0 2E+24 yellow yellow.gif
-22141019141 -39027533343 0 0 2E+24 yellow yellow.gif
97222561601 -4998785068 0 0 2E+24 yellow yellow.gif
205937768495 -118207907984 0 0 2E+24 yellow yellow.gif
213156977820 -111198811712 0 0 2E+24 yellow yellow.gif
77112016206 225394735885 0 0 2E+24 yellow yellow.gif
-192801472858 40123947335 0 0 2E+24 yellow yellow.gif
81729211512 30207455873 0 0 2E+24 yellow yellow.gif
191914368228 198264148519 0 0 2E+24 yellow yellow.gif
11637766601 -122247105221 0 0 2E+24 yellow yellow.gif
198535806916 113249778890 0 0 2E+24 yellow yellow.gif
-165110319480 -115848390949 0 0 2E+24 yellow yellow.gif
-237396805995 134798344262 0 0 2E+24 yellow yellow.gif
247029581329 155595095358 0 0 2E+24 yellow yellow.gif
-91083795145 -35179006379 0 0 2E+24 yellow yellow.gif
42860459037 -3860400495 0 0 2E+24 yellow yellow.gif
-146028129552 -233177004786 0 0 2E+24 yellow yellow.gif
15536375594 40984290615 0 0 2E+24 yellow yellow.gif
231596807040 -136983474497 0 0 2E+24 yellow yellow.gif
-160654068961 189891592133 0 0 2E+24 yellow yellow.gif
-98707331598 232049767461 0 0 2E+24 yellow yellow.gif
-194331380989 -19835490305 0 0 2E+24 yellow yellow.gif
-240749495933 98078279074 0 0 2E+24 yellow yellow.gif
-156827349336 -66489538007 0 0 2E+24 yellow yellow.gif
99691996062 -150614401200 0 0 2E+24 yellow yellow.gif
81052922547 -51599525805 0 0 2E+24 yellow yellow.gif
-24877770105 -126361196324 0 0 2E+24 yellow yellow.gif
183470125648 71695237792 0 0 2E+24 yellow yellow.gif
-145501220721 61692395490 0 0 2E+24 yellow yellow.gif
52647088472 248189429917 0 0 2E+24 yellow yellow.gif
49817006398 134992651269 0 0 2E+24 yellow yellow.gif
33419743274 12464868753 0 0 2E+24 yellow yellow.gif
66077430763 148261495471 0 0 2E+24 yellow yellow.gif
-147646740428 97501071520 0 0 2E+24 yellow yellow.gif
-135757311821 -177758582057 0 0 2E+24 yellow yellow.gif
-153442878102 202635950780 0 0 2E+24 yellow yellow.gif
219131362649 -33338228625 0 0 2E+24 yellow yellow.gif
120617848626 -1216522825 0 0 2E+24 yellow yellow.gif
-192937297357 -135143689632 0 0 2E+24 yellow yellow.gif
161975834550 -19307354168 0 0 2E+24 yellow yellow.gif
94607531146 -54953993829 0 0 2E+24 yellow yellow.gif
-174217617171 79179979504 0 0 2E+24 yellow yellow.gif
188470779916 -46560040567 0 0 2E+24 yellow yellow.gif
-92230640083 165706934919 0 0 2E+24 yellow yellow.gif
-213897990645 148050901520 0 0 2E+24 yellow yellow.gif
78750400246 57734004391 0 0 2E+24 yellow yellow.gif
171181887474 234332547651 0 0 2E+24 yellow yellow.gif
85660915894 26611144506 0 0 2E+24 yellow yellow.gif
82061236390 -17898181537 0 0 2E+24 yellow yellow.gif
-207038844774 226315842553 0 0 2E+24 yellow yellow.gif
-55759382194 73195893145 0 0 2E+24 yellow yellow.gif
64009220460 77395008454 0 0 2E+24 yellow yellow.gif
170092888311 -10765771376 0 0 2E+24 yellow yellow.gif
-233288068220 -172412607152 0 0 2E+24 yellow yellow.gif
-44419853887 -75177989747 0 0 2E+24 yellow yellow.gif
-58758175932 -39306450891 0 0 2E+24 yellow yellow.gif
30345145845 202469640676 0 0 2E+24 yellow yellow.gif
132546177418 -24472032594 0 0 2E+24 yellow yellow.gif
-124777914082 128151215613 0 0 2E+24 yellow yellow.gif
67255423791 14751659402 0 0 2E+24 yellow yellow.gif
-188817674459 200334424199 0 0 2E+24 yellow yellow.gif
126725759052 -208123745696 0 0 2E+24 yellow yellow.gif
82589542117 117847944160 0 0 2E+24 yellow yellow.gif
-173563746830 -33103922339 0 0 2E+24 yellow yellow.gif
-77720219213 -196714146283 0 0 2E+24 yellow yellow.gif
-219268710579 225300560899 0 0 2E+24 yellow yellow.gif
-141387293529 106771072604 0 0 2E+24 yellow yellow.gif
192691760301 60414581761 0 0 2E+24 yellow yellow.gif
37780080058 -199389547738 0 0 2E+24 yellow yellow.gif
-73714749084 79191524733 0 0 2E+24 yellow yellow.gif
116138169315 247288191355 0 0 2E+24 yellow yellow.gif
-135751914755 -198862902720 0 0 2E+24 yellow yellow.gif
175297303805 182785408165 0 0 2E+24 yellow yellow.gif
-164431490998 98678497491 0 0 2E+24 yellow yellow.gif
-79389357890 123622355822 0 0 2E+24 yellow yellow.gif
-26043889617 -94967228621 0 0 2E+24 yellow yellow.gif
5325713838 81344821216 0 0 2E+24 yellow yellow.gif
-110898575761 57802728325 0 0 2E+24 yellow yellow.gif
237077165852 162282359624 0 0 2E+24 yellow yellow.gif
-50537804569 -61218486474 0 0 2E+24 yellow yellow.gif
50003665672 -14031962711 0 0 2E+24 yellow yellow.gif
-124813203984 143737788067 0 0 2E+24 yellow yellow.gif
-210728451202 173116411215 0 0 2E+24 yellow yellow.gif
66837966248 71548359032 0 0 2E+24 yellow yellow.gif
-49797081313 -183191677280 0 0 2E+24 yellow yellow.gif
-123137666203 56529379217 0 0 2E+24 yellow yellow.gif
131868304968 249642116019 0 0 2E+24 yellow yellow.gif
101126740356 -201916786475 0 0 2E+24 yellow yellow.gif
15558464322 79005940512 0 0 2E+24 yellow yellow.gif
194986549451 130033826465 0 0 2E+24 yellow yellow.gif
17952689213 164043926293 0 0 2E+24 yellow yellow.gif
227752588270 -49211855981 0 0 2E+24 yellow yellow.gif
-176676955436 115880155968 0 0 2E+24 yellow yellow.gif
-110617727172 -67433174347 0 0 2E+24 yellow yellow.gif
-109664631529 189592750534 0 0 2E+24 yellow yellow.gif
-30148836099 -208460902875 0 0 2E+24 yellow yellow.gif
198825459715 -92528988341 0 0 2E+24 yellow yellow.gif
-206111866785 224230492101 0 0 2E+24 yellow yellow.gif
-162452713709 -28769740574 0 0 2E+24 yellow yellow.gif
18319863279 -37181804179 0 0 2E+24 yellow yellow.gif
-7169013598 -68098170715 0 0 2E+24 yellow yellow.gif
-224280944890 -168030514572 0 0 2E+24 yellow yellow.gif
133182294641 143674240388 0 0 2E+24 yellow yellow.gif
173747999842 82107472185 0 0 2E+24 yellow yellow.gif
169247040393 -181540147800 0 0 2E+24 yellow yellow.gif
64712408206 -46886654653 0 0 2E+24 yellow yellow.gif
20712269758 -134360807140 0 0 2E+24 yellow yellow.gif
-27623916924 -216485576202 0 0 2E+24 yellow yellow.gif
-169613523412 -126657281159 0 0 2E+24 yellow yellow.gif
173837465090 113494721430 0 0 2E+24 yellow yellow.gif
214981287851 -201370198715 0 0 2E+24 yellow yellow.gif
-238153439809 46244098653 0 0 2E+24 yellow yellow.gif
-63604336266 51694476204 0 0 2E+24 yellow yellow.gif
-231228451937 -12810054408 0 0 2E+24 yellow yellow.gif
166292622521 -190746646207 0 0 2E+24 blue blue.gif
86746602525 200802366982 0 0 2E+24 blue blue.gif
120473928958 82855598182 0 0 2E+24 blue blue.gif
-178603117572 31510406725 0 0 2E+24 blue blue.gif
-26665824028 -184889892385 0 0 2E+24 blue blue.gif
228806741487 70709018917 0 0 2E+24 blue blue.gif
162155398077 229677137178 0 0 2E+24 blue blue.gif
-251857763 -96919527234 0 0 2E+24 blue blue.gif
-62854672967 226059303868 0 0 2E+24 blue blue.gif
122107725902 -209980639012 0 0 2E+24 blue blue.gif
-142805973256 77300163617 0 0 2E+24 blue blue.gif
5241372396 -101330642789 0 0 2E+24 blue blue.gif
119909737182 -144978634595 0 0 2E+24 blue blue.gif
129760877669 -64902753290 0 0 2E+24 blue blue.gif
214486786146 -198022902151 0 0 2E+24 blue blue.gif
-33059259176 207901760487 0 0 2E+24 blue blue.gif
-90433892659 -14534432500 0 0 2E+24 blue blue.gif
-174734230304 222852010012 0 0 2E+24 blue blue.gif
117990047610 66312656871 0 0 2E+24 blue blue.gif
42170296900 74053744620 0 0 2E+24 blue blue.gif
-5939378774 -13654725293 0 0 2E+24 blue blue.gif
-30887886072 157046455798 0 0 2E+24 blue blue.gif
-185271987318 23727665019 0 0 2E+24 blue blue.gif
52953997547 33847806125 0 0 2E+24 blue blue.gif
-182477910171 -40518434114 0 0 2E+24 blue blue.gif
-190818524580 149302370517 0 0 2E+24 blue blue.gif
-171237766327 -108000155298 0 0 2E+24 blue blue.gif
-191432504583 247492559853 0 0 2E+24 blue blue.gif
24722568152 -110740998111 0 0 2E+24 blue blue.gif
162116943325 -197925195950 0 0 2E+24 blue blue.gif
155385577083 173411582493 0 0 2E+24 blue blue.gif
225911561608 36170055946 0 0 2E+24 blue blue.gif
99893485264 139985730825 0 0 2E+24 blue blue.gif
-47932022314 217135688891 0 0 2E+24 blue blue.gif
-140176893455 -142664725640 0 0 2E+24 blue blue.gif
-38532659744 115755369829 0 0 2E+24 blue blue.gif
-128700714952 -87616559339 0 0 2E+24 blue blue.gif
-6919548659 -114998014304 0 0 2E+24 blue blue.gif
-9632303926 -159987212435 0 0 2E+24 blue blue.gif
11269699689 152760340624 0 0 2E+24 blue blue.gif
-216072566218 -72589178942 0 0 2E+24 blue blue.gif
-198109755934 -81736926372 0 0 2E+24 blue blue.gif
17147024096 -164163827369 0 0 2E+24 blue blue.gif
118635562634 171325322328 0 0 2E+24 blue blue.gif
-160763925019 152987632726 0 0 2E+24 blue blue.gif
118992226814 114906695814 0 0 2E+24 blue blue.gif
-175386679396 234612866220 0 0 2E+24 blue blue.gif
-146690040963 8539785355 0 0 2E+24 blue blue.gif
-136892851063 -172825407631 0 0 2E+24 blue blue.gif
97594456481 76512044870 0 0 2E+24 blue blue.gif
118367106206 180098903607 0 0 2E+24 blue blue.gif
-109756760301 -50545272292 0 0 2E+24 blue blue.gif
-209014730554 -140022280006 0 0 2E+24 blue blue.gif
-207568951453 -139426426259 0 0 2E+24 blue blue.gif
-44929892552 106510097017 0 0 2E+24 blue blue.gif
-178611128482 -127143202860 0 0 2E+24 blue blue.gif
-47360575784 -84816018049 0 0 2E+24 blue blue.gif
143395053198 -83761892824 0 0 2E+24 blue blue.gif
-32027468052 71771192736 0 0 2E+24 blue blue.gif
-220288254143 204206168244 0 0 2E+24 blue blue.gif
-101933378132 83498370046 0 0 2E+24 blue blue.gif
102566421553 -161617216592 0 0 2E+24 blue blue.gif
239974352635 -31060569972 0 0 2E+24 blue blue.gif
241022894101 203097099527 0 0 2E+24 blue blue.gif
130763753641 58740872600 0 0 2E+24 blue blue.gif
-102552124903 -223769357732 0 0 2E+24 blue blue.gif
171159391302 80539304253 0 0 2E+24 blue blue.gif
96307203800 109182318668 0 0 2E+24 blue blue.gif
204925836394 119974953649 0 0 2E+24 blue blue.gif
158085329245 149595338255 0 0 2E+24 blue blue.gif
98386134079 -35528668245 0 0 2E+24 blue blue.gif
-45113358476 -67290855364 0 0 2E+24 blue blue.gif
-914000519 4177638243 0 0 2E+24 blue blue.gif
-238762607654 158365950963 0 0 2E+24 blue blue.gif
-149211723586 -175291810459 0 0 2E+24 blue blue.gif
147062048618 203647670841 0 0 2E+24 blue blue.gif
100294288937 -73575565360 0 0 2E+24 blue blue.gif
-239128026213 -81012697360 0 0 2E+24 blue blue.gif
-133067392812 -174832258196 0 0 2E+24 blue blue.gif
43802573101 -213152101147 0 0 2E+24 blue blue.gif
120139944347 67550502825 0 0 2E+24 blue blue.gif
181006160836 -74539121132 0 0 2E+24 blue blue.gif
-43098334891 -249047239997 0 0 2E+24 blue blue.gif
100602363331 -70254791741 0 0 2E+24 blue blue.gif
-83246889010 -197136767653 0 0 2E+24 blue blue.gif
244268964075 -88214018852 0 0 2E+24 blue blue.gif
-234287310359 7573306965 0 0 2E+24 blue blue.gif
-37199702567 33840171803 0 0 2E+24 blue blue.gif
115379716595 -210281104586 0 0 2E+24 blue blue.gif
-202445340404 87779918403 0 0 2E+24 blue blue.gif
-16745751882 175818499433 0 0 2E+24 blue blue.gif
40458707244 231511107854 0 0 2E+24 blue blue.gif
4204719233 -233359837848 0 0 2E+24 blue blue.gif
-225252153544 130861291025 0 0 2E+24 blue blue.gif
-149683656378 207619814352 0 0 2E+24 blue blue.gif
172323571293 205674540871 0 0 2E+24 blue blue.gif
-168193786024 42138926707 0 0 2E+24 blue blue.gif
5739572898 242649046608 0 0 2E+24 blue blue.gif
30309301208 -143450605627 0 0 2E+24 blue blue.gif
-149561243541 -188609213250 0 0 2E+24 blue blue.gif
247954972643 167522464775 0 0 2E+24 blue blue.gif
40817180647 21125343459 0 0 2E+24 blue blue.gif
-48088647306 85522141993 0 0 2E+24 blue blue.gif
-30336891951 -54280806364 0 0 2E+24 blue blue.gif
110430741683 194699151165 0 0 2E+24 blue blue.gif
-90001253559 -143370685749 0 0 2E+24 blue blue.gif
-220845727748 -16178576455 0 0 2E+24 blue blue.gif
199639839323 -235040826017 0 0 2E+24 blue blue.gif
127109043841 217363234763 0 0 2E+24 blue blue.gif
-122003619960 33093365623 0 0 2E+24 blue blue.gif
232350976683 155743868323 0 0 2E+24 blue blue.gif
-149306657342 -233129449509 0 0 2E+24 blue blue.gif
-185221118309 81926564854 0 0 2E+24 blue blue.gif
-212769174511 204703486686 0 0 2E+24 blue blue.gif
65788673272 113959677936 0 0 2E+24 blue blue.gif
19679496122 -60451449072 0 0 2E+24 blue blue.gif
33984100726 233178165657 0 0 2E+24 blue blue.gif
3683187309 -77440791028 0 0 2E+24 blue blue.gif
106255370590 -77889576901 0 0 2E+24 blue blue.gif
-143008720233 128335971163 0 0 2E+24 blue blue.gif
-97362171792 128891223046 0 0 2E+24 blue blue.gif
-206642244071 -94071371005 0 0 2E+24 blue blue.gif
-129762586024 183217244623 0 0 2E+24 blue blue.gif
-8277850445 -12513096251 0 0 2E+24 blue blue.gif
200241985686 17459948368 0 0 2E+24 blue blue.gif
160743276456 -211661606817 0 0 2E+24 blue blue.gif
-92979927333 -36851799392 0 0 2E+24 blue blue.gif
-11584394517 -135746380225 0 0 2E+24 blue blue.gif
-50749812532 123137386638 0 0 2E+24 blue blue.gif
-225101661383 120007939655 0 0 2E+24 blue blue.gif
159942685427 -128305988406 0 0 2E+24 blue blue.gif
185880078615 209650068331 0 0 2E+24 blue blue.gif
200445036884 -75441726230 0 0 2E+24 blue blue.gif
93649714371 -24967975635 0 0 2E+24 blue blue.gif
-201295384694 -202272396659 0 0 2E+24 blue blue.gif
-113776000634 122352624533 0 0 2E+24 blue blue.gif
155157495315 243969443627 0 0 2E+24 blue blue.gif
171880798234 94234930100 0 0 2E+24 blue blue.gif
151887541552 209473403708 0 0 2E+24 blue blue.gif
120566756325 -89969333153 0 0 2E+24 blue blue.gif
128738034010 -213046361779 0 0 2E+24 blue blue.gif
-93999282830 92764443770 0 0 2E+24 blue blue.gif
60754358988 -13911916878 0 0 2E+24 blue blue.gif
116807039556 95856602916 0 0 2E+24 blue blue.gif
-3103500741 85420645106 0 0 2E+24 blue blue.gif
123422665031 -124737039865 0 0 2E+24 blue blue.gif
182904328110 -57444580609 0 0 2E+24 blue blue.gif
134380747707 107027038209 0 0 2E+24 blue blue.gif
169359535932 253145147 0 0 2E+24 blue blue.gif
-26756323479 30847979201 0 0 2E+24 blue blue.gif
-2491236858 46323531567 0 0 2E+24 blue blue.gif
11116604027 -43166233281 0 0 2E+24 blue blue.gif
-196248671947 34232913150 0 0 2E+24 blue blue.gif
12305979112 125153386791 0 0 2E+24 blue blue.gif
2620998789 -198836249016 0 0 2E+24 blue blue.gif
88098187427 72155284479 0 0 2E+24 blue blue.gif
-93314247168 190736222013 0 0 2E+24 blue blue.gif
209433582026 -32672206848 0 0 2E+24 blue blue.gif
-150550973495 -108594155299 0 0 2E+24 blue blue.gif
139867008180 24196666642 0 0 2E+24 blue blue.gif
168764725850 -10824347943 0 0 2E+24 blue blue.gif
-190124022191 106155437104 0 0 2E+24 blue blue.gif
-71501498428 -61994555996 0 0 2E+24 blue blue.gif
39352074483 -208112502335 0 0 2E+24 blue blue.gif
-154490126205 14278673054 0 0 2E+24 blue blue.gif
111854012311 1359987541 0 0 2E+24 blue blue.gif
208138567892 116825062075 0 0 2E+24 blue blue.gif
129586964286 -175445287470 0 0 2E+24 blue blue.gif
227211403222 33031905987 0 0 2E+24 blue blue.gif
207591443432 23670820320 0 0 2E+24 blue blue.gif
-72587579659 -70939021182 0 0 2E+24 blue blue.gif
157576451811 73319329956 0 0 2E+24 blue blue.gif
237260264391 -239517113495 0 0 2E+24 blue blue.gif
132328817180 160376074564 0 0 2E+24 blue blue.gif
61809008002 93924028092 0 0 2E+24 blue blue.gif
149600457707 -170877370439 0 0 2E+24 blue blue.gif
-39263269469 -206420216729 0 0 2E+24 blue blue.gif
146554711741 41856320360 0 0 2E+24 blue blue.gif
-186768179838 -145516937626 0 0 2E+24 blue blue.gif
-228206414754 139370117084 0 0 2E+24 blue blue.gif
-67139608112 60842545930 0 0 2E+24 blue blue.gif
49052562867 158986977245 0 0 2E+24 blue blue.gif
223545253582 -50994221511 0 0 2E+24 blue blue.gif
25014822859 -225112121564 0 0 2E+24 blue blue.gif
-189636215062 -145102587760 0 0 2E+24 blue blue.gif
-18650380950 -88682515371 0 0 2E+24 blue blue.gif
-125151343697 102182143847 0 0 2E+24 blue blue.gif
68822280473 184218468307 0 0 2E+24 blue blue.gif
107933792059 124769869272 0 0 2E+24 blue blue.gif
137767926104 -88420416458 0 0 2E+24 blue blue.gif
19022445134 133291744958 0 0 2E+24 blue blue.gif
55793879126 103240330262 0 0 2E+24 blue blue.gif
6571965381 205319523893 0 0 2E+24 blue blue.gif
139515362196 -226653577219 0 0 2E+24 blue blue.gif
-125889375351 161676833820 0 0 2E+24 blue blue.gif
84485545552 -15323307130 0 0 2E+24 blue blue.gif
-168942889708 52313550140 0 0 2E+24 blue blue.gif
66118142567 -74440822243 0 0 2E+24 blue blue.gif
235748060292 -86191082497 0 0 2E+24 blue blue.gif
246994465601 174267168302 0 0 2E+24 blue blue.gif
149650242679 -166626271170 0 0 2E+24 blue blue.gif
-237015476797 -169843038099 0 0 2E+24 blue blue.gif
-21889167797 -199212665994 0 0 2E+24 blue blue.gif
-244604534283 -211793004938 0 0 2E+24 blue blue.gif
70764355893 -102604601122 0 0 2E+24 blue blue.gif
60002587353 -172809379624 0 0 2E+24 blue blue.gif
-39237697128 240284098527 0 0 2E+24 blue blue.gif
-219755530471 39916199247 0 0 2E+24 blue blue.gif
198528203217 208024691823 0 0 2E+24 blue blue.gif
-57186673957 195570302083 0 0 2E+24 blue blue.gif
-184712868207 142750060834 0 0 2E+24 blue blue.gif
-76106140639 -176717315206 0 0 2E+24 blue blue.gif
-137994489679 -219605914823 0 0 2E+24 blue blue.gif
15763693665 -103008396178 0 0 2E+24 blue blue.gif
58749849919 68123332334 0 0 2E+24 blue blue.gif
181540318539 184230684030 0 0 2E+24 blue blue.gif
151288009248 4554267687 0 0 2E+24 blue blue.gif
-216467782905 -134395890309 0 0 2E+24 blue blue.gif
-30215466787 -213668567929 0 0 2E+24 blue blue.gif
-186273690030 -97202533792 0 0 2E+24 blue blue.gif
-22237375483 -26096269830 0 0 2E+24 blue blue.gif
-142966664221 116631060133 0 0 2E+24 blue blue.gif
167516068119 -157445277699 0 0 2E+24 blue blue.gif
-234557636917 -236141103115 0 0 2E+24 blue blue.gif
-174439629062 62405760874 0 0 2E+24 blue blue.gif
158444959668 -126581602827 0 0 2E+24 blue blue.gif
-146466394308 236519182366 0 0 2E+24 blue blue.gif
119028146663 216225920847 0 0 2E+24 blue blue.gif
76526423134 10495805657 0 0 2E+24 blue blue.gif
60066625415 -145714328213 0 0 2E+24 blue blue.gif
212780917199 -25987366299 0 0 2E+24 blue blue.gif
60745832333 7041369974 0 0 2E+24 blue blue.gif
-227992298388 186320428326 0 0 2E+24 blue blue.gif
142204375150 -181928817440 0 0 2E+24 blue blue.gif
20498093940 38369046475 0 0 2E+24 blue blue.gif
-25799759988 31238415545 0 0 2E+24 blue blue.gif
-78663207030 -13687684344 0 0 2E+24 blue blue.gif
-103608480463 -59592009900 0 0 2E+24 blue blue.gif
69243558560 -240158479487 0 0 2E+24 blue blue.gif
47706017179 54279125394 0 0 2E+24 blue blue.gif
-20902459841 27094309767 0 0 2E+24 blue blue.gif
231992716268 81537117375 0 0 2E+24 blue blue.gif
112544815387 131585224493 0 0 2E+24 blue blue.gif
197252839376 150473398826 0 0 2E+24 blue blue.gif
-108910024022 -140681680708 0 0 2E+24 blue blue.gif
66602177538 10858833026 0 0 2E+24 blue blue.gif
119870875564 -167602554995 0 0 2E+24 blue blue.gif
161895344968 148885900304 0 0 2E+24 blue blue.gif
152369371073 -96716394427 0 0 2E+24 blue blue.gif
93635024811 173442117040 0 0 2E+24 blue blue.gif
-248610950309 68412516289 0 0 2E+24 blue blue.gif
-175804469245 94170319680 0 0 2E+24 blue blue.gif
129815765912 166042116699 0 0 2E+24 blue blue.gif
24124201323 119357470502 0 0 2E+24 blue blue.gif
90362949809 -161374572206 0 0 2E+24 blue blue.gif
144770727682 210627544089 0 0 2E+24 blue blue.gif
-23601980779 50186608150 0 0 2E+24 blue blue.gif
193973388511 -232032761615 0 0 2E+24 blue blue.gif
-183931545372 -137581598384 0 0 2E+24 blue blue.gif
77051500412 104366285268 0 0 2E+24 blue blue.gif
-195372176705 205631026548 0 0 2E+24 blue blue.gif
-87219994545 246202474066 0 0 2E+24 blue blue.gif
160748696099 181190760548 0 0 2E+24 blue blue.gif
-53970775575 -49348328514 0 0 2E+24 blue blue.gif
-107343350763 -92569626564 0 0 2E+24 blue blue.gif
-194169658586 122374849537 0 0 2E+24 blue blue.gif
170398670968 -139256901606 0 0 2E+24 blue blue.gif
33074142302 191359531226 0 0 2E+24 blue blue.gif
68050232672 -134948993906 0 0 2E+24 blue blue.gif
166982290696 -44783533064 0 0 2E+24 blue blue.gif
-18935228786 -223757607069 0 0 2E+24 blue blue.gif
7830217413 -189089215843 0 0 2E+24 blue blue.gif
51482602495 181490313560 0 0 2E+24 blue blue.gif
-3110495028 191610251091 0 0 2E+24 blue blue.gif
29863795764 157395819753 0 0 2E+24 blue blue.gif
-112255771925 68142914242 0 0 2E+24 blue blue.gif
-54576668853 -115741827244 0 0 2E+24 blue blue.gif
-51616143094 75867871079 0 0 2E+24 blue blue.gif
-156929186109 -92113515013 0 0 2E+24 blue blue.gif
-114037980622 136281866370 0 0 2E+24 blue blue.gif
221349060598 44470699812 0 0 2E+24 blue blue.gif
-161178401305 -121568165171 0 0 2E+24 blue blue.gif
-217605325670 190175228801 0 0 2E+24 blue blue.gif
-170874318565 -56489555286 0 0 2E+24 blue blue.gif
-6907929986 -14829652285 0 0 2E+24 blue blue.gif
217811814351 -87477175874 0 0 2E+24 blue blue.gif
-115045783178 -115551603257 0 0 2E+24 blue blue.gif
-211968594117 112585663564 0 0 2E+24 blue blue.gif
63645891271 -44525687148 0 0 2E+24 blue blue.gif
197983891529 -16477020114 0 0 2E+24 blue blue.gif
202488417540 -211207654751 0 0 2E+24 blue blue.gif
166158171866 -230459942021 0 0 2E+24 blue blue.gif
198079979452 -86733114553 0 0 2E+24 blue blue.gif
-133685641426 107780269520 0 0 2E+24 blue blue.gif
-169022515667 -173398998663 0 0 2E+24 blue blue.gif
233753740867 128708712797 0 0 2E+24 blue blue.gif
-193827576551 215889359694 0 0 2E+24 blue blue.gif
94021301024 45038679456 0 0 2E+24 blue blue.gif
123121979256 66773928911 0 0 2E+24 blue blue.gif
-21535471450 164155764846 0 0 2E+24 blue blue.gif
214951755952 65644630290 0 0 2E+24 blue blue.gif


Creator of universe: Matt Tilghman, COS 126, Spring 2006

Spiral formation of a galaxy slowly change into more of a cluster
from the inside-out. 
